1000 67 421.9073112848927 251.2050485345244 10
2000 67 425.81462256978546 260.4100970690488 10
3000 67 429.7219338546782 269.6151456035732 9
4000 67 433.23851401108163 277.89968928464515 9
5000 67 436.7550941674851 286.1842329657171 9
6000 67 440.27167432388853 294.4687766467891 9
7000 67 443.788254480292 302.75332032786105 8
8000 67 446.91410350820615 310.1173591554806 7
9000 67 449.64922140763105 316.56089312964764 6
10000 67 451.9936081785667 322.08392225036226 7
11000 67 454.7287260779916 328.5274562245294 6
12000 67 457.0731128489273 334.050485345244 6
13000 67 459.41749961986295 339.5735144659586 6
14000 67 461.7618863907986 345.09654358667325 7
15000 67 464.4970042902235 351.54007756084036 7
16000 67 467.2321221896484 357.9836115350074 7
17000 67 469.9672400890733 364.42714550917447 7
18000 67 472.7023579884982 370.8706794833415 7
19000 67 475.4374758879231 377.3142134575086 7
20000 67 478.172593787348 383.7577474316756 7
21000 67 480.90771168677287 390.2012814058427 8
22000 67 484.03356071468704 397.5653202334622 8
23000 67 487.1594097426012 404.92935906108175 7
24000 67 489.8945276420261 411.3728930352488 6
25000 67 492.2389144129618 416.89592215596343 5
26000 67 494.19257005540817 421.49844642322563 5
27000 67 496.14622569785456 426.1009706904878 5
28000 67 498.09988134030095 430.70349495775 5
29000 67 500.05353698274735 435.3060192250122 6
30000 67 502.397923753683 440.82904834572685 7
30575 -7
31000 74 505.1330416531079 447.2725823198939 7
32000 74 507.0625031438269 454.0014141914621 8
33000 74 509.2676019903629 461.69150775896867 7
34000 74 511.1970634810819 468.4203396305369 8
34756 4
35000 70 513.4021623276179 476.11043319804344 9
36000 70 516.4803436175489 484.5676667851166 9
37000 70 519.5585249074799 493.0249003721898 10
37802 -6
38000 76 522.9787263407366 502.4218265800489 11
39000 76 525.6398671923329 513.0950795690849 12
40000 76 528.5429299395289 524.7386282843968 11
41000 76 531.2040707911252 535.4118812734328 12
42000 76 534.1071335383212 547.0554299887447 13
42673 4
43000 72 537.2521181811169 559.6692744303326 12
44000 72 540.9603221136163 571.0819526258745 12
45000 72 544.6685260461156 582.4946308214163 12
45970 -2
46000 74 548.376729978615 593.9073090169582 13
46277 1
47000 73 551.960015604236 606.4037110641563 13
48000 73 555.7608477656315 618.8356728916757 13
48203 -7
49000 80 559.5616799270271 631.2676347191951 12
50000 80 561.6454580590303 643.0853277553416 11
51000 80 563.5555880133664 653.9182130384759 12
52000 80 565.6393661453696 665.7359060746223 13
53000 80 567.8967924550398 678.538406863781 12
54000 80 569.980570587043 690.3560998999275 13
55000 80 572.2379968967131 703.1586006890861 13
56000 80 574.4954232063832 715.9611014782448 14
57000 80 576.9264976937202 729.7484100204157 15
58000 80 579.5312203587241 744.5205263155988 15
59000 80 582.135943023728 759.2926426107819 14
60000 80 584.567017511065 773.0799511529527 13
61000 80 586.8244438207352 785.8824519421114 12
62000 80 588.9082219527384 797.7001449782579 13
63000 80 591.1656482624085 810.5026457674165 12
64000 80 593.2494263944117 822.320338803563 12
65000 80 595.3332045264149 834.1380318397095 11
66000 80 597.2433344807511 844.9709171228437 10
67000 80 598.9798162574203 854.8189946529658 10
68000 80 600.7162980340896 864.6670721830878 10
69000 80 602.4527798107589 874.5151497132099 9
70000 80 604.0156134097613 883.3784194903197 8
70851 3
71000 77 605.4047988310967 891.2568815144174 8
72000 77 607.2044072658476 899.0518420326993 8
73000 77 609.0040157005985 906.8468025509811 7
74000 77 610.5786730810056 913.6673930044777 7
75000 77 612.1533304614127 920.4879834579743 7
76000 77 613.7279878418198 927.308573911471 7
77000 77 615.3026452222268 934.1291643649676 7
78000 77 616.8773026026339 940.9497548184642 8
78164 -8
79000 85 618.6769110373848 948.744715336746 9
79317 -2
80000 87 619.4613127221137 957.7104676195718 9
81000 87 619.9323363283002 966.698133432363 8
82000 87 620.3510239782437 974.6871697103995 8
83000 87 620.7697116281872 982.6762059884361 8
84000 87 621.1883992781308 990.6652422664727 8
85000 87 621.6070869280743 998.6542785445092 9
85708 -3
86000 90 622.0781105342608 1007.6419443573004 10
87000 90 622.0781105342608 1017.6419443573004 11
88000 90 622.0781105342608 1028.6419443573004 12
89000 90 622.0781105342608 1040.6419443573004 13
90000 90 622.0781105342608 1053.6419443573004 12
91000 90 622.0781105342608 1065.6419443573004 13
91295 6
92000 84 622.0781105342608 1078.6419443573004 13
93000 84 623.4369805567403 1091.570728997088 13
93337 -5
94000 89 624.7958505792199 1104.4995136368757 13
95000 89 625.0227318629045 1117.4975336739087 12
96000 89 625.2321607401519 1129.4957060157853 12
97000 89 625.4415896173994 1141.493878357662 13
98000 89 625.668470901084 1154.491898394695 14
99000 89 625.9128045912059 1168.4897661268844 13
100000 89 626.1396858748906 1181.4877861639175 13
100694 -5
101000 94 626.3665671585752 1194.4858062009505 14
102000 94 625.3899765261574 1208.451702904588 14
103000 94 624.4133858937396 1222.4175996082256 15
104000 94 623.3670387875777 1237.381060362123 14
105000 94 622.3904481551599 1251.3469570657605 14
106000 94 621.4138575227421 1265.312853769398 14
106093 3
107000 91 620.4372668903243 1279.2787504730356 15
108000 91 620.175480793765 1294.2764659003815 16
109000 91 619.8962422907684 1310.2740290228837 15
110000 91 619.6344561942092 1325.2717444502296 14
111000 91 619.3901225040872 1339.269612182419 13
112000 91 619.1632412204026 1352.267632219452 13
113000 91 618.936359936718 1365.265652256485 12
114000 91 618.7269310594705 1377.2638245983617 13
115000 91 618.5000497757859 1390.2618446353947 14
116000 91 618.255716085664 1404.2597123675841 14
117000 91 618.011382395542 1418.2575800997736 13
118000 91 617.7845011118574 1431.2556001368066 13
119000 91 617.5576198281727 1444.2536201738396 13
120000 91 617.3307385444881 1457.2516402108727 13
121000 91 617.1038572608035 1470.2496602479057 13
122000 91 616.8769759771188 1483.2476802849387 13
123000 91 616.6500946934342 1496.2457003219718 14
124000 91 616.4057610033123 1510.2435680541612 15
125000 91 616.143974906753 1525.241283481507 15
126000 91 615.8821888101937 1540.2389989088529 15
127000 91 615.6204027136345 1555.2367143361987 16
128000 91 615.3411642106379 1571.234277458701 16
129000 91 615.0619257076413 1587.2318405812032 15
130000 91 614.800139611082 1602.229556008549 15
130300 -7
131000 98 614.5383535145228 1617.2272714358949 16
132000 98 612.3115838991617 1633.07156053576 16
133000 98 610.0848142838007 1648.9158496356251 15
134000 98 607.9972177693998 1663.7698706667486 15
135000 98 605.9096212549988 1678.623891697872 15
136000 98 603.8220247405978 1693.4779127289955 16
137000 98 601.5952551252368 1709.3222018288607 17
138000 98 599.2293124089157 1726.1567589974675 17
139000 98 596.8633696925946 1742.9913161660743 18
140000 98 594.3582538753134 1760.8161414034225 17
141000 98 591.9923111589923 1777.6506985720293 16
142000 98 589.7655415436312 1793.4949876718945 15
143000 98 587.6779450292303 1808.349008703018 15
144000 98 585.5903485148293 1823.2030297341414 14
145000 98 583.6419251013884 1837.0667826965234 13
146000 98 581.8326747889076 1849.9402675901638 12
147000 98 580.1625975773868 1861.8234844150627 13
147346 -6
148000 104 578.353347264906 1874.696969308703 14
149000 104 574.9664407265107 1888.281109476567 13
150000 104 571.821456083715 1900.894953918155 12
151000 104 568.918393336519 1912.5385026334668 12
152000 104 566.015330589323 1924.1820513487787 11
153000 104 563.3541897377266 1934.8553043378147 12
154000 104 560.4511269905306 1946.4988530531266 13
155000 104 557.306142347735 1959.1126974947144 14
156000 104 553.9192358093396 1972.6968376625784 14
157000 104 550.5323292709443 1986.2809778304425 14
158000 104 547.1454227325489 1999.8651179983065 15
159000 104 543.5165942985539 2014.4195538924464 16
160000 104 539.6458439689592 2029.9442855128623 17
161000 104 535.5331717437648 2046.4393128595543 17
162000 104 531.4204995185704 2062.9343402062464 17
163000 104 527.307827293376 2079.4293675529384 17
164000 104 523.1951550681816 2095.9243948996304 17
165000 104 519.0824828429872 2112.4194222463225 17
166000 104 514.9698106177929 2128.9144495930145 18
167000 104 510.6152164969988 2146.3797726659823 19
168000 104 506.0187004806051 2164.815391465226 19
169000 104 501.4221844642114 2183.25101026447 20
170000 104 496.58374655221803 2202.65692478999 21
171000 104 491.503386744625 2223.033135041786 22
172000 104 486.1811050414323 2244.379641019858 21
173000 104 481.1007452338393 2264.7558512716537 22
174000 104 475.7784635306466 2286.1023572497256 22
174476 -6
175000 110 470.4561818274539 2307.4488632277976 22
176000 110 462.9317386742892 2328.1221008850875 23
177000 110 455.0652753777988 2349.7350311631635 23
178000 110 447.1988120813084 2371.3479614412395 22
179000 110 439.6743689281437 2392.0211990985295 22
180000 110 432.14992577497895 2412.6944367558194 21
181000 110 424.9675027651399 2432.4279817923234 21
182000 110 417.78507975530084 2452.1615268288274 20
183000 110 410.94467688878746 2470.9553792445454 19
184000 110 404.44629416559974 2488.809539039478 19
185000 110 397.947911442412 2506.6636988344103 19
186000 110 391.4495287192243 2524.5178586293428 19
187000 110 384.9511459960366 2542.372018424275 19
188000 110 378.45276327284887 2560.2261782192077 18
189000 110 372.2964006929868 2577.140645393354 17
190000 110 366.48205825645044 2593.1154199467146 16
191000 110 361.00973596323973 2608.150501879289 17
192000 110 355.19539352670336 2624.1252764326496 18
193000 110 349.0390309468413 2641.039743606796 18
194000 110 342.88266836697926 2657.9542107809425 18
195000 110 336.7263057871172 2674.868677955089 18
196000 110 330.56994320725516 2691.7831451292354 18
197000 110 324.4135806273931 2708.697612303382 17
198000 110 318.59923819085674 2724.6723868567424 17
199000 110 312.78489575432036 2740.647161410103 16
200000 110 307.31257346110965 2755.6822433426773 15
201000 110 302.1822713112246 2769.777632654466 16
202000 110 296.7099490180139 2784.8127145870403 17
203000 110 290.8956065814775 2800.787489140401 17
204000 110 285.08126414494114 2816.7622636937613 17
204439 3
205000 107 279.26692170840477 2832.7370382471217 16
205755 9
206000 98 274.588974432841 2848.0379143425303 17
207000 98 272.22303171651987 2864.872471511137 17
207479 -1
208000 99 269.85708900019876 2881.707028679744 17
209000 99 267.19770309451485 2898.4977304698614 17
210000 99 264.53831718883094 2915.288432259979 17
211000 99 261.87893128314704 2932.0791340500964 18
212000 99 259.06311091242287 2949.857524180809 18
212863 -7
213000 106 256.2472905416987 2967.6359143115214 18
214000 106 251.28581813699273 2984.938624838411 19
215000 106 246.04870837646976 3003.2025970612394 18
216000 106 241.0872359717638 3020.505307588129 17
217000 106 236.4014009228748 3036.8467564190805 17
218000 106 231.71556587398584 3053.188205250032 16
219000 106 227.30536818091386 3068.5683923850447 16
220000 106 222.89517048784188 3083.948579520058 16
221000 106 218.4849727947699 3099.3287666550714 15
222000 106 214.35041245751492 3113.7476920941463 14
223000 106 210.49148947607694 3127.2053558372827 14
224000 106 206.63256649463895 3140.663019580419 14
225000 106 202.77364351320097 3154.1206833235556 14
226000 106 198.91472053176298 3167.578347066692 14
227000 106 195.055797550325 3181.0360108098284 14
228000 106 191.196874568887 3194.493674552965 13
229000 106 187.61358894326602 3206.990076600163 13
230000 106 184.03030331764504 3219.486478647361 12
230539 -8
231000 114 180.72265504784104 3231.021618998621 12
232000 114 175.84181533093144 3241.984164490332 12
233000 114 170.96097561402183 3252.9467099820436 11
234000 114 166.48687254018805 3262.9957100161123 11
235000 114 162.01276946635426 3273.044710050181 11
236000 114 157.53866639252047 3283.09371008425 11
237000 114 153.06456331868668 3293.1427101183185 12
238000 114 148.18372360177707 3304.10525561003 13
239000 114 142.89614724179168 3315.981346559384 13
240000 114 137.6085708818063 3327.857437508738 13
241000 114 132.3209945218209 3339.7335284580918 13
242000 114 127.0334181618355 3351.6096194074457 13
243000 114 121.7458418018501 3363.4857103567997 13
244000 114 116.45826544186471 3375.3618013061537 14
245000 114 110.76395243880351 3388.1514377131502 14
246000 114 105.06963943574232 3400.941074120147 14
247000 114 99.37532643268112 3413.7307105271434 14
247879 -9
248000 123 93.68101342961992 3426.52034693414 14
249000 123 86.05606693940955 3438.261734885376 14
250000 123 78.43112044919917 3450.003122836612 14
251000 123 70.8061739589888 3461.744510787848 15
252000 123 62.636588433763386 3474.3245693070294 15
253000 123 54.46700290853798 3486.904627826211 14
254000 123 46.8420564183276 3498.646015777447 14
255000 123 39.217109928117225 3510.387403728683 14
256000 123 31.592163437906844 3522.128791679919 14
257000 123 23.967216947696464 3533.8701796311548 13
258000 123 16.88690949250111 3544.7728970144453 12
259000 123 10.351241072320786 3554.8369438297905 13
260000 123 3.2709336171254337 3565.739661213081 14
261000 123 -4.354012873084946 3577.481049164317 15
262000 123 -12.523598398310352 3590.0611076834984 16
263000 123 -21.237822958550787 3603.4798367706253 17
264000 123 -30.49668655380625 3617.7372364256976 16
265000 123 -39.21091111404668 3631.1559655128244 15
266000 123 -47.38049663927209 3643.736024032006 15
267000 123 -55.550082164497496 3656.3160825511873 15
268000 123 -63.719667689722904 3668.8961410703687 16
269000 123 -72.43389224996334 3682.3148701574955 16
270000 123 -81.14811681020377 3695.7335992446224 17
270574 -6
271000 129 -90.40698040545924 3709.9909988996947 17
272000 129 -101.10542705330647 3723.202480244463 18
273000 129 -112.43319409220354 3737.1911075506887 19
274000 129 -124.39028152215045 3751.9568808183712 19
275000 129 -136.34736895209736 3766.722654086054 19
276000 129 -148.30445638204426 3781.4884273537364 20
277000 129 -160.89086420304102 3797.031346582876 19
278000 129 -172.84795163298793 3811.7971198505584 19
279000 129 -184.80503906293484 3826.562893118241 20
280000 129 -197.3914468839316 3842.1058123473804 21
281000 129 -210.60717509597816 3858.4258775379767 21
282000 129 -223.82290330802473 3874.745942728573 22
283000 129 -237.66795191112115 3891.8431538806262 23
283808 -2
284000 131 -252.1423209052674 3909.717510994137 22
285000 131 -266.57561954305856 3926.321121759038 21
286000 131 -280.3528591518592 3942.170022943716 20
287000 131 -293.47403973166934 3957.2642145481714 19
288000 131 -305.93916128248895 3971.603696572404 19
289000 131 -318.40428283330857 3985.9431785966362 19
289840 2
290000 129 -330.8694043841282 4000.2826606208687 19
291000 129 -342.8264918140751 4015.0484338885512 19
292000 129 -354.783579244022 4029.814207156234 19
293000 129 -366.7406666739689 4044.5799804239164 19
294000 129 -378.6977541039158 4059.345753691599 18
295000 129 -390.0255211428129 4073.3343809978246 19
296000 129 -401.98260857275983 4088.100154265507 19
297000 129 -413.93969600270674 4102.865927533189 20
298000 129 -426.52610382370347 4118.408846762329 21
299000 129 -439.74183203575006 4134.728911952925 20
300000 129 -452.3282398567468 4150.2718311820645 20
301000 129 -464.9146476777435 4165.814750411204 21
302000 129 -478.1303758897901 4182.1348156018 22
303000 129 -491.97542449288653 4199.2320267538535 21
304000 129 -505.19115270493313 4215.55209194445 21
305000 129 -518.4068809169797 4231.872157135046 20
306000 129 -530.9932887379765 4247.415076364186 20
307000 129 -543.5796965589733 4262.957995593325 19
308000 129 -555.5367839889202 4277.723768861008 20
308445 6
309000 123 -568.123191809917 4293.266688090147 21
310000 123 -579.5606115452325 4310.8787700170005 21
311000 123 -590.998031280548 4328.490851943854 21
312000 123 -602.4354510158636 4346.102933870708 22
313000 123 -614.4175097861942 4364.553686365507 21
314000 123 -625.8549295215097 4382.165768292361 20
315000 123 -636.7477102218103 4398.939179651269 20
316000 123 -647.6404909221109 4415.712591010178 21
317000 123 -659.0779106574264 4433.324672937031 21
318000 123 -670.5153303927419 4450.936754863885 20
319000 123 -681.4081110930425 4467.710166222793 21
320000 123 -692.845530828358 4485.322248149647 21
320260 5
321000 118 -704.2829505636736 4502.9343300765 21
322000 118 -714.1418533821773 4521.476229526538 21
323000 118 -724.0007562006809 4540.018128976576 21
324000 118 -733.8596590191846 4558.560028426614 21
325000 118 -743.7185618376883 4577.101927876652 21
326000 118 -753.577464656192 4595.6438273266895 21
327000 118 -763.4363674746957 4614.185726776727 21
327975 -3
328000 121 -773.2952702931993 4632.727626226765 20
329000 121 -783.5960317914004 4649.8709722408075 21
330000 121 -794.4118313645115 4667.871485555552 20
331000 121 -804.7125928627125 4685.014831569594 20
332000 121 -815.0133543609136 4702.158177583637 19
333000 121 -824.7990777842047 4718.444356296976 19
334000 121 -834.5848012074957 4734.730535010316 18
335000 121 -843.8554865558767 4750.159546422954 17
336000 121 -852.6111338293476 4764.73139053489 18
337000 121 -861.8818191777286 4780.160401947528 18
338000 121 -871.1525045261096 4795.589413360166 18
338946 -7
339000 128 -880.4231898744906 4811.018424772804 17
340000 128 -890.8894349550268 4824.414607584118 17
341000 128 -901.355680035563 4837.810790395432 17
342000 128 -911.8219251160991 4851.206973206747 17
343000 128 -922.2881701966353 4864.603156018061 18
344000 128 -933.3700767524972 4878.787349582982 19
345000 128 -945.0676447836847 4893.759553901509 19
346000 128 -956.7652128148723 4908.731758220037 20
346522 6
347000 122 -969.0784423213854 4924.491973292171 20
348000 122 -979.6768276060495 4941.4529352152995 19
349000 122 -989.7452936264805 4957.565849042272 19
350000 122 -999.8137596469114 4973.678762869245 19
351000 122 -1009.8822256673424 4989.791676696217 20
351019 3
352000 119 -1020.4806109520065 5006.752638619346 21
353000 119 -1030.6616129771796 5025.119652469273 21
354000 119 -1040.8426150023527 5043.486666319201 22
355000 119 -1051.508426647772 5062.728299876268 23
356000 119 -1062.6590479134377 5082.844553140474 22
357000 119 -1073.324859558857 5102.086186697541 22
357229 -3
358000 122 -1083.9906712042764 5121.327820254608 22
359000 122 -1095.6488950174069 5139.984878370049 22
360000 122 -1107.3071188305373 5158.64193648549 22
361000 122 -1118.9653426436678 5177.298994600931 21
362000 122 -1130.0936471925652 5195.108004620216 20
363000 122 -1140.6920324772293 5212.068966543345 20
364000 122 -1151.2904177618934 5229.029928466473 20
365000 122 -1161.8888030465575 5245.990890389602 20
366000 122 -1172.4871883312217 5262.951852312731 21
367000 122 -1183.615492880119 5280.760862332016 21
368000 122 -1194.7437974290165 5298.569872351301 20
369000 122 -1205.3421827136806 5315.530834274429 19
370000 122 -1215.4106487341114 5331.643748101402 19
371000 122 -1225.4791147545423 5347.756661928374 19
371335 -9
372000 131 -1235.547580774973 5363.869575755347 18
373000 131 -1247.3566432968023 5377.454348199357 19
373840 6
374000 125 -1259.821764847622 5391.79383022359 18
374725 6
375000 119 -1270.1461407019408 5406.538567020792 18
375649 -9
376000 128 -1278.8727138663749 5422.281721749301 17
377000 128 -1289.3389589469111 5435.677904560615 18
378000 128 -1300.420865502773 5449.862098125536 18
379000 128 -1311.502772058635 5464.046291690457 17
380000 128 -1321.9690171391712 5477.442474501771 16
381000 128 -1331.8196007443817 5490.050646559479 16
382000 128 -1341.670184349592 5502.658818617187 16
383000 128 -1351.5207679548025 5515.266990674894 17
383415 -2
384000 130 -1361.9870130353388 5528.6631734862085 18
385000 130 -1373.5571900096966 5542.45197346235 19
386000 130 -1385.770154593741 5557.006817881611 18
387000 130 -1397.3403315680987 5570.795617857752 18
388000 130 -1408.9105085424565 5584.584417833894 19
389000 130 -1421.1234731265008 5599.139262253155 19
390000 130 -1433.3364377105452 5613.694106672416 19
391000 130 -1445.5494022945895 5628.248951091677 18
392000 130 -1457.1195792689473 5642.037751067818 18
393000 130 -1468.689756243305 5655.82655104396 18
394000 130 -1480.2599332176628 5669.615351020101 18
394715 5
395000 125 -1491.8301101920206 5683.404150996243 18
396000 125 -1502.1544860463393 5698.148887793444 18
397000 125 -1512.478861900658 5712.893624590646 19
398000 125 -1523.3768141913279 5728.457513432137 18
399000 125 -1533.7011900456466 5743.2022502293385 18
399972 -7
400000 132 -1544.0255658999654 5757.94698702654 17
401000 132 -1555.400786208066 5770.580449059656 17
402000 132 -1566.7760065161665 5783.213911092771 17
403000 132 -1578.151226824267 5795.847373125886 17
404000 132 -1589.5264471323676 5808.480835159002 16
405000 132 -1600.2325368341094 5820.37115236664 15
406000 132 -1610.2694959294922 5831.5183247488 15
407000 132 -1620.306455024875 5842.665497130961 14
408000 132 -1629.6742835138991 5853.069524687644 15
409000 132 -1639.711242609282 5864.2166970698045 16
410000 132 -1650.4173323110238 5876.107014277442 17
411000 132 -1661.7925526191243 5888.740476310558 17
412000 132 -1673.1677729272249 5901.373938343673 16
413000 132 -1683.8738626289667 5913.264255551311 16
414000 132 -1694.5799523307085 5925.154572758949 16
415000 132 -1705.2860420324503 5937.044889966587 15
416000 132 -1715.323001127833 5948.192062348748 15
417000 132 -1725.359960223216 5959.339234730908 15
418000 132 -1735.3969193185987 5970.486407113069 16
419000 132 -1746.1030090203406 5982.376724320707 16
420000 132 -1756.8090987220824 5994.267041528345 16
421000 132 -1767.5151884238242 6006.157358735983 16
422000 132 -1778.221278125566 6018.047675943621 16
423000 132 -1788.9273678273078 6029.9379931512585 16
424000 132 -1799.6334575290496 6041.8283103588965 15
425000 132 -1809.6704166244324 6052.975482741057 15
426000 132 -1819.7073757198152 6064.122655123218 15
427000 132 -1829.744334815198 6075.269827505378 16
428000 132 -1840.4504245169398 6087.160144713016 17
429000 132 -1851.8256448250404 6099.793606746131 18
430000 132 -1863.8699957395 6113.170213604724 17
431000 132 -1875.2452160476005 6125.80367563784 18
432000 132 -1887.28956696206 6139.1802824964325 19
433000 132 -1900.0030484828783 6153.300034180503 19
434000 132 -1912.7165300036966 6167.419785864573 20
435000 132 -1926.0991421308738 6182.282682374121 20
436000 132 -1939.481754258051 6197.145578883668 20
437000 132 -1952.8643663852283 6212.008475393216 20
438000 132 -1966.2469785124056 6226.871371902764 20
439000 132 -1979.6295906395828 6241.734268412311 21
440000 132 -1993.6813333731188 6257.3403097473365 21
441000 132 -2007.7330761066548 6272.946351082362 20
442000 132 -2021.115688233832 6287.809247591909 20
443000 132 -2034.4983003610093 6302.672144101457 21
444000 132 -2048.5500430945453 6318.278185436482 22
445000 132 -2063.27091643444 6334.627371596985 22
446000 132 -2077.991789774335 6350.976557757487 23
447000 132 -2093.3817937205886 6368.068888743467 24
447604 -4
448000 136 -2109.4409282732013 6385.9043645549245 24
449000 136 -2126.705083481329 6402.57616544594 24
450000 136 -2143.9692386894567 6419.247966336956 24
451000 136 -2161.2333938975844 6435.9197672279715 24
452000 136 -2178.497549105712 6452.591568118987 24
453000 136 -2195.76170431384 6469.263369010003 23
454000 136 -2212.306519721629 6485.24051153056 23
455000 136 -2228.8513351294177 6501.217654051117 23
456000 136 -2245.3961505372067 6517.1947965716745 23
457000 136 -2261.9409659449957 6533.171939092232 24
458000 136 -2279.2051211531234 6549.843739983247 24
459000 136 -2296.469276361251 6566.515540874263 24
460000 136 -2313.733431569379 6583.187341765279 25
461000 136 -2331.7169265778452 6600.553801026754 25
462000 136 -2349.7004215863117 6617.920260288229 25
463000 136 -2367.683916594778 6635.286719549704 24
464000 136 -2384.948071802906 6651.958520440719 25
464737 -9
465000 145 -2402.9315668113722 6669.3249797021945 25
466000 145 -2423.410367918597 6683.66439061097 26
467000 145 -2444.7083210701107 6698.577377956098 25
468000 145 -2465.1871221773354 6712.9167888648735 24
469000 145 -2484.846771240271 6726.6826233372985 23
470000 145 -2503.687268258918 6739.874881373373 22
471000 145 -2521.7086132332756 6752.493562973096 21
471292 -4
472000 149 -2538.9108061633447 6764.538668136468 21
473000 149 -2556.911319478089 6775.354467709579 22
474000 149 -2575.7690000935354 6786.6853053576 22
475000 149 -2594.626680708982 6798.0161430056205 22
476000 149 -2613.4843613244284 6809.346980653641 23
477000 149 -2633.199209240577 6821.192856376572 24
478000 149 -2653.7712244574277 6833.553770174413 23
479000 149 -2673.4860723735765 6845.399645897344 22
480000 149 -2692.343752989023 6856.730483545365 21
481000 149 -2710.344266303767 6867.546283118476 21
482000 149 -2728.3447796185114 6878.362082691587 20
483000 149 -2745.488125632554 6888.662844189787 20
484000 149 -2762.6314716465963 6898.963605687988 19
485000 149 -2778.9176503599365 6908.749329111279 19
486000 149 -2795.2038290732767 6918.535052534569 19
487000 149 -2811.490007786617 6928.32077595786 19
488000 149 -2827.776186499957 6938.106499381151 18
489000 149 -2843.205197912595 6947.377184729531 18
490000 149 -2858.634209325233 6956.647870077912 17
491000 149 -2873.206053437169 6965.403517351383 17
492000 149 -2887.777897549105 6974.159164624854 18
493000 149 -2903.206908961743 6983.429849973235 19
494000 149 -2919.493087675083 6993.2155733965255 19
495000 149 -2935.7792663884234 7003.001296819816 20
496000 149 -2952.922612402466 7013.302058318017 19
497000 149 -2969.208791115806 7023.0877817413075 19
498000 149 -2985.494969829146 7032.873505164598 19
499000 149 -3001.7811485424863 7042.659228587889 20
500000 149 -3018.9244945565288 7052.959990086089 20
501000 149 -3036.067840570571 7063.26075158429 19
502000 149 -3052.3540192839114 7073.046475007581 18
503000 149 -3067.7830306965493 7082.317160355961 18
504000 149 -3083.212042109187 7091.587845704342 17
505000 149 -3097.7838862211233 7100.343492977813 17
506000 149 -3112.3557303330595 7109.099140251285 17
507000 149 -3126.9275744449956 7117.854787524756 16
508000 149 -3140.6422512562294 7126.095396723317 16
509000 149 -3154.3569280674633 7134.3360059218785 16
510000 149 -3168.071604878697 7142.57661512044 16
511000 149 -3181.786281689931 7150.817224319001 15
511351 4
512000 145 -3194.6437912004626 7158.542795442652 15
513000 145 -3206.9310718647976 7167.146441987918 15
514000 145 -3219.2183525291325 7175.750088533183 15
515000 145 -3231.5056331934675 7184.353735078448 14
516000 145 -3242.973761813513 7192.383805187363 15
517000 145 -3255.261042477848 7200.987451732628 15
518000 145 -3267.548323142183 7209.591098277893 16
519000 145 -3280.654755850807 7218.76832125951 16
520000 145 -3293.7611885594306 7227.945544241127 15
521000 145 -3306.0484692237656 7236.5491907863925 14
522000 145 -3317.5165978438113 7244.579260895307 15
523000 145 -3329.803878508146 7253.182907440572 14
524000 145 -3341.272007128192 7261.212977549487 14
525000 145 -3352.7401357482377 7269.243047658401 13
526000 145 -3363.3891123239946 7276.699541330965 13
527000 145 -3374.0380888997515 7284.156035003529 13
528000 145 -3384.6870654755085 7291.612528676093 14
529000 145 -3396.155194095554 7299.642598785007 15
530000 145 -3408.442474759889 7308.246245330272 14
531000 145 -3419.910603379935 7316.276315439187 14
532000 145 -3431.3787319999806 7324.306385548101 14
533000 145 -3442.8468606200263 7332.336455657016 14
534000 145 -3454.314989240072 7340.36652576593 14
535000 145 -3465.7831178601177 7348.396595874845 14
536000 145 -3477.2512464801634 7356.426665983759 14
537000 145 -3488.719375100209 7364.456736092674 14
538000 145 -3500.187503720255 7372.4868062015885 14
538340 8
539000 137 -3511.6556323403006 7380.516876310503 14
540000 137 -3521.894584162969 7390.064853351378 14
541000 137 -3532.133535985637 7399.612830392252 15
542000 137 -3543.1038415099247 7409.84280579319 16
543000 137 -3554.8055007358316 7420.75477955419 16
544000 137 -3566.5071599617386 7431.666753315189 15
545000 137 -3577.477465486026 7441.896728716127 14
546000 137 -3587.7164173086944 7451.444705757001 15
546016 -4
547000 141 -3598.686722832982 7461.674681157939 15
548000 141 -3610.3439122548366 7471.114487023687 15
549000 141 -3622.001101676691 7480.554292889435 16
550000 141 -3634.4354370600026 7490.623419146232 16
551000 141 -3646.869772443314 7500.692545403029 16
552000 141 -3659.3041078266256 7510.761671659826 17
553000 141 -3672.515589171394 7521.460118307673 18
554000 141 -3686.5042164776196 7532.78788534657 18
555000 141 -3700.4928437838453 7544.115652385467 19
555208 9
556000 132 -3715.258617051528 7556.072739815414 19
557000 132 -3727.972098572346 7570.192491499484 19
558000 132 -3740.6855800931644 7584.3122431835545 18
559000 132 -3752.7299310076237 7597.688850042147 17
560000 132 -3764.1051513157245 7610.322312075263 17
561000 132 -3775.4803716238252 7622.955774108378 16
562000 132 -3786.186461325567 7634.846091316016 16
563000 132 -3796.892551027309 7646.736408523654 16
564000 132 -3807.5986407290507 7658.626725731292 17
565000 132 -3818.9738610371514 7671.260187764407 17
566000 132 -3830.349081345252 7683.893649797523 18
567000 132 -3842.3934322597115 7697.270256656116 18
568000 132 -3854.437783174171 7710.6468635147085 18
569000 132 -3866.48213408863 7724.023470373301 18
570000 132 -3878.5264850030894 7737.400077231894 17
571000 132 -3889.90170531119 7750.0335392650095 16
572000 132 -3900.607795012932 7761.9238564726475 17
573000 132 -3911.983015321033 7774.557318505763 16
574000 132 -3922.6891050227746 7786.447635713401 15
575000 132 -3932.7260641181574 7797.594808095561 16
576000 132 -3943.432153819899 7809.485125303199 15
577000 132 -3953.469112915282 7820.63229768536 15
578000 132 -3963.506072010665 7831.77947006752 14
579000 132 -3972.8739004996887 7842.1834976242035 14
580000 132 -3982.2417289887126 7852.587525180887 15
581000 132 -3992.2786880840954 7863.734697563047 14
581232 -7
582000 139 -4001.6465165731192 7874.13872511973 14
582071 1
583000 138 -4012.212450696238 7883.323551525597 15
584000 138 -4023.359623078399 7893.360510620981 16
585000 138 -4035.2499402860376 7904.0666003227225 16
586000 138 -4047.140257493676 7914.772690024464 15
587000 138 -4058.287429875837 7924.809649119848 15
588000 138 -4069.434602257998 7934.846608215231 14
589000 138 -4079.8386298146816 7944.214436704255 14
590000 138 -4090.242657371365 7953.5822651932785 13
590417 -8
591000 146 -4099.903540102571 7962.280963075944 13
592000 146 -4110.681028545787 7969.550470821064 12
593000 146 -4120.629479416447 7976.260785662713 11
593840 8
594000 138 -4129.748892714552 7982.411907600891 11
595000 138 -4137.923485794804 7989.772344270838 11
596000 138 -4146.098078875056 7997.132780940786 10
596973 -3
597000 141 -4153.52952712983 8003.824087004375 11
598000 141 -4162.078132705857 8010.746611305923 12
599000 141 -4171.40388424334 8018.298455998521 12
600000 141 -4180.729635780824 8025.850300691119 12
601000 141 -4190.055387318307 8033.402145383717 13
602000 141 -4200.1582848172475 8041.583310467365 12
603000 141 -4209.484036354731 8049.135155159963 11
604000 141 -4218.032641930758 8056.057679461511 12
605000 141 -4227.358393468241 8063.609524154109 13
606000 141 -4237.461290967181 8071.790689237757 13
607000 141 -4247.564188466122 8079.971854321405 13
608000 141 -4257.667085965062 8088.153019405053 13
609000 141 -4267.7699834640025 8096.334184488701 13
610000 141 -4277.872880962943 8104.515349572349 13
611000 141 -4287.975778461883 8112.696514655997 13
612000 141 -4298.078675960824 8120.877679739645 14
613000 141 -4308.958719421221 8129.688165214343 13
614000 141 -4319.061616920161 8137.869330297991 13
615000 141 -4329.164514419102 8146.050495381639 13
616000 141 -4339.267411918042 8154.231660465287 13
617000 141 -4349.370309416982 8162.412825548935 12
618000 141 -4358.696060954466 8169.964670241533 13
618105 -6
619000 147 -4368.798958453406 8178.145835325181 14
620000 147 -4380.540346404642 8185.770781815391 15
621000 147 -4393.120404923823 8193.940367340616 15
622000 147 -4405.700463443004 8202.109952865841 15
623000 147 -4418.280521962185 8210.279538391067 15
624000 147 -4430.860580481366 8218.449123916293 16
625000 147 -4444.279309568493 8227.163348476533 16
626000 147 -4457.69803865562 8235.877573036774 16
627000 147 -4471.116767742747 8244.591797597015 17
627644 -9
628000 156 -4485.374167397818 8253.850661192271 17
629000 156 -4500.904440177743 8260.76518412456 18
629095 9
630000 147 -4517.34825841531 8268.086443699925 17
631000 147 -4531.605658070382 8277.345307295182 17
632000 147 -4545.8630577254535 8286.604170890438 16
632741 3
633000 144 -4559.28178681258 8295.318395450679 15
634000 144 -4571.417041728205 8304.135174235065 16
635000 144 -4584.361313638204 8313.539738271746 17
636000 144 -4598.114602542578 8323.532087560718 17
637000 144 -4611.867891446952 8333.52443684969 17
638000 144 -4625.621180351326 8343.516786138662 16
638074 -3
639000 147 -4638.565452261325 8352.921350175342 16
640000 147 -4651.984181348452 8361.635574735583 17
641000 147 -4666.241581003524 8370.894438330839 17
642000 147 -4680.498980658595 8380.153301926095 17
643000 147 -4694.756380313667 8389.412165521351 17
644000 147 -4709.013779968739 8398.671029116607 17
645000 147 -4723.271179623811 8407.929892711863 17
646000 147 -4737.528579278883 8417.18875630712 16
647000 147 -4750.94730836601 8425.90298086736 15
648000 147 -4763.5273668851905 8434.072566392586 16
649000 147 -4776.946095972317 8442.786790952827 17
650000 147 -4791.203495627389 8452.045654548083 18
651000 147 -4806.299565850407 8461.849157178352 18
652000 147 -4821.395636073425 8471.652659808622 19
653000 147 -4837.330376864387 8482.000801473907 20
654000 147 -4854.103788223296 8492.893582174207 20
655000 147 -4870.877199582204 8503.786362874507 20
656000 147 -4887.650610941113 8514.679143574807 21
657000 147 -4905.2626928679665 8526.116563310123 22
658000 147 -4923.713445362766 8538.098622080453 22
659000 147 -4942.164197857565 8550.080680850784 22
660000 147 -4960.614950352365 8562.062739621115 22
661000 147 -4979.065702847164 8574.044798391446 22
662000 147 -4997.516455341964 8586.026857161776 22
663000 147 -5015.967207836763 8598.008915932107 21
664000 147 -5033.5792897636165 8609.446335667422 21
665000 147 -5051.19137169047 8620.883755402738 22
666000 147 -5069.6421241852695 8632.865814173068 22
667000 147 -5088.092876680069 8644.8478729434 22
668000 147 -5106.543629174868 8656.82993171373 21
669000 147 -5124.155711101722 8668.267351449045 22
670000 147 -5142.606463596521 8680.249410219376 22
671000 147 -5161.057216091321 8692.231468989707 22
672000 147 -5179.50796858612 8704.213527760037 23
673000 147 -5198.7973916488645 8716.740225565383 23
674000 147 -5218.086814711609 8729.26692337073 22
675000 147 -5236.537567206408 8741.24898214106 21
676000 147 -5254.149649133262 8752.686401876375 20
676495 8
677000 139 -5270.92306049217 8763.579182576676 19
678000 139 -5285.262542516403 8776.044304127496 20
679000 139 -5300.356734120859 8789.165484707306 21
680000 139 -5316.205635305538 8802.942724316106 21
681000 139 -5332.054536490216 8816.719963924907 21
682000 139 -5347.903437674895 8830.497203533707 21
683000 139 -5363.752338859574 8844.274443142507 21
684000 139 -5379.601240044252 8858.051682751307 21
685000 139 -5395.450141228931 8871.828922360108 20
686000 139 -5410.544332833387 8884.950102939918 20
687000 139 -5425.6385244378425 8898.071283519728 20
688000 139 -5440.732716042298 8911.192464099538 21
689000 139 -5456.581617226977 8924.969703708339 21
690000 139 -5472.430518411656 8938.746943317139 21
691000 139 -5488.279419596334 8952.52418292594 22
692000 139 -5504.883030361235 8966.95748156373 21
693000 139 -5520.7319315459135 8980.73472117253 21
694000 139 -5536.580832730592 8994.51196078133 21
695000 139 -5552.429733915271 9008.28920039013 22
696000 139 -5569.0333446801715 9022.722499027921 22
697000 139 -5585.636955445072 9037.155797665711 22
698000 139 -5602.240566209973 9051.589096303502 22
699000 139 -5618.844176974873 9066.022394941292 22
700000 139 -5635.447787739774 9080.455693579082 23
701000 139 -5652.8061080848975 9095.545051245865 23
702000 139 -5670.164428430021 9110.634408912647 24
703000 139 -5688.277458355367 9126.37982560842 23
704000 139 -5705.635778700491 9141.469183275201 22
705000 139 -5722.2393894653915 9155.902481912992 22
706000 139 -5738.843000230292 9170.335780550782 22
707000 139 -5755.446610995193 9184.769079188573 21
708000 139 -5771.295512179871 9198.546318797373 22
709000 139 -5787.899122944772 9212.979617435163 21
710000 139 -5803.748024129451 9226.756857043963 21
711000 139 -5819.596925314129 9240.534096652764 21
712000 139 -5835.445826498808 9254.311336261564 21
713000 139 -5851.294727683487 9268.088575870364 21
714000 139 -5867.143628868165 9281.865815479165 21
715000 139 -5882.992530052844 9295.643055087965 21
716000 139 -5898.841431237523 9309.420294696765 20
716483 -3
717000 142 -5913.935622841978 9322.541475276576 20
718000 142 -5929.695837914112 9334.854704783089 21
719000 142 -5946.244063739854 9347.783595764928 22
720000 142 -5963.580300319202 9361.328148222092 22
721000 142 -5980.9165368985505 9374.872700679256 22
722000 142 -5998.252773477899 9388.41725313642 23
723000 142 -6016.3770208108535 9402.57746706891 22
724000 142 -6033.713257390202 9416.122019526074 22
725000 142 -6051.04949396955 9429.666571983238 21
726000 142 -6067.597719795292 9442.595462965077 21
727000 142 -6084.145945621033 9455.524353946916 21
728000 142 -6100.694171446775 9468.453244928754 20
729000 142 -6116.454386518909 9480.766474435268 20
730000 142 -6132.214601591043 9493.079703941781 19
731000 142 -6147.1868059095705 9504.77727197297 19
732000 142 -6162.159010228098 9516.474840004157 18
732595 -3
733000 145 -6176.343203793019 9527.55674656002 17
734000 145 -6190.268788545932 9537.307545977988 17
734738 3
735000 142 -6204.194373298845 9547.058345395957 17
736000 142 -6217.590556110159 9557.524590476492 17
737000 142 -6230.986738921473 9567.990835557028 16
738000 142 -6243.594910979181 9577.841419162238 16
739000 142 -6256.2030830368885 9587.692002767448 16
740000 142 -6268.811255094596 9597.542586372658 16
741000 142 -6281.419427152304 9607.393169977868 17
742000 142 -6294.815609963618 9617.859415058403 17
743000 142 -6308.211792774932 9628.325660138938 18
744000 142 -6322.395986339853 9639.407566694801 18
745000 142 -6336.580179904774 9650.489473250664 19
746000 142 -6351.5523842233015 9662.187041281852 19
747000 142 -6366.524588541829 9673.88460931304 19
748000 142 -6381.496792860356 9685.582177344228 19
749000 142 -6396.468997178884 9697.279745375416 19
750000 142 -6411.441201497411 9708.977313406604 20
751000 142 -6427.2014165695455 9721.290542913117 20
752000 142 -6442.96163164168 9733.60377241963 19
753000 142 -6457.933835960207 9745.301340450818 20
754000 142 -6473.694051032341 9757.614569957332 19
755000 142 -6488.666255350869 9769.31213798852 19
756000 142 -6503.638459669396 9781.009706019708 18
757000 142 -6517.822653234317 9792.09161257557 18
758000 142 -6532.006846799238 9803.173519131433 19
759000 142 -6546.979051117765 9814.87108716262 20
760000 142 -6562.739266189899 9827.184316669134 20
761000 142 -6578.499481262033 9839.497546175648 21
762000 142 -6595.047707087775 9852.426437157486 22
763000 142 -6612.383943667123 9865.97098961465 21
764000 142 -6628.932169492865 9878.89988059649 20
764121 5
765000 137 -6644.692384564999 9891.213110103003 20
766000 137 -6659.319458597382 9904.853077304253 20
767000 137 -6673.946532629766 9918.493044505503 21
768000 137 -6689.304960363768 9932.815010066815 20
769000 137 -6703.932034396152 9946.454977268066 21
770000 137 -6719.290462130154 9960.776942829378 21
771000 137 -6734.648889864156 9975.09890839069 20
772000 137 -6749.27596389654 9988.73887559194 20
773000 137 -6763.903037928923 10002.37884279319 19
774000 137 -6777.798758259688 10015.336811634377 20
775000 137 -6792.425832292071 10028.976778835628 21
776000 137 -6807.784260026074 10043.29874439694 21
776263 4
777000 133 -6823.142687760076 10057.620709958252 21
778000 133 -6837.464653321388 10072.979137692255 21
779000 133 -6851.7866188827 10088.337565426258 20
780000 133 -6865.4265860839505 10102.964639458642 21
781000 133 -6879.7485516452625 10118.323067192645 21
782000 133 -6894.070517206575 10133.681494926648 20
783000 133 -6907.710484407825 10148.308568959032 19
784000 133 -6920.668453249013 10162.204289289795 19
785000 133 -6933.6264220902 10176.100009620559 20
786000 133 -6947.266389291451 10190.727083652942 19
787000 133 -6960.224358132638 10204.622803983706 18
788000 133 -6972.5003286137635 10217.787170612852 18
789000 133 -6984.776299094889 10230.951537241997 18
789606 -9
790000 142 -6997.052269576014 10244.115903871143 18
790716 7
791000 135 -7011.236463140935 10255.197810427006 18
792000 135 -7023.964385202293 10267.925732488364 19
792428 6
793000 129 -7037.399414044838 10281.360761330909 19
794000 129 -7049.356501474785 10296.12653459859 20
795000 129 -7061.942909295782 10311.66945382773 21
796000 129 -7075.158637507829 10327.989519018327 20
797000 129 -7087.745045328826 10343.532438247466 20
798000 129 -7100.331453149823 10359.075357476606 19
799000 129 -7112.28854057977 10373.841130744288 18
800000 129 -7123.616307618667 10387.829758050513 18
801000 129 -7134.944074657564 10401.818385356739 18
802000 129 -7146.271841696461 10415.807012662965 18
803000 129 -7157.599608735358 10429.79563996919 17
804000 129 -7168.298055383205 10443.007121313958 17
805000 129 -7178.996502031052 10456.218602658726 17
806000 129 -7189.694948678899 10469.430084003494 17
806327 -8
807000 137 -7200.393395326746 10482.641565348262 17
808000 137 -7212.826408254272 10494.235537469323 17
809000 137 -7225.259421181798 10505.829509590385 17
810000 137 -7237.692434109324 10517.423481711447 17
811000 137 -7250.125447036849 10529.017453832508 17
812000 137 -7262.558459964375 10540.61142595357 18
813000 137 -7275.72282659352 10552.887396434695 17
814000 137 -7288.155839521046 10564.481368555756 16
815000 137 -7299.857498746953 10575.393342316756 16
816000 137 -7311.55915797286 10586.305316077756 16
817000 137 -7323.260817198767 10597.217289838756 17
818000 137 -7335.693830126293 10608.811261959818 17
819000 137 -7348.126843053818 10620.40523408088 16
820000 137 -7359.828502279725 10631.31720784188 15
821000 137 -7370.7988078040125 10641.547183242817 14
822000 137 -7381.037759626681 10651.095160283692 13
823000 137 -7390.54535774773 10659.961138964505 14
824000 137 -7400.784309570398 10669.50911600538 13
825000 137 -7410.291907691448 10678.375094686193 13
826000 137 -7419.799505812497 10687.241073367006 12
827000 137 -7428.5757502319275 10695.425053687755 12
828000 137 -7437.351994651358 10703.609034008505 12
829000 137 -7446.128239070788 10711.793014329254 11
830000 137 -7454.173129788599 10719.294996289942 11
831000 137 -7462.21802050641 10726.79697825063 11
832000 137 -7470.26291122422 10734.298960211318 10
833000 137 -7477.576448240412 10741.118943811942 10
834000 137 -7484.889985256604 10747.938927412566 10
835000 137 -7492.203522272795 10754.75891101319 11
836000 137 -7500.248412990606 10762.260892973878 11
837000 137 -7508.293303708417 10769.762874934566 10
838000 137 -7515.606840724608 10776.58285853519 10
839000 137 -7522.9203777408 10783.402842135814 10
840000 137 -7530.233914756992 10790.222825736439 9
841000 137 -7536.816098071565 10796.360810977001 8
842000 137 -7542.666927684518 10801.816797857502 9
843000 137 -7549.249110999091 10807.954783098065 8
844000 137 -7555.099940612044 10813.410769978565 9
845000 137 -7561.682123926616 10819.548755219128 10
846000 137 -7568.995660942808 10826.368738819752 10
847000 137 -7576.309197959 10833.188722420377 10
848000 137 -7583.622734975192 10840.008706021 10
849000 137 -7590.936271991383 10846.828689621625 10
850000 137 -7598.249809007575 10853.64867322225 11
851000 137 -7606.294699725386 10861.150655182937 11
852000 137 -7614.339590443196 10868.652637143625 10
853000 137 -7621.653127459388 10875.472620744249 9
853176 -7
854000 144 -7628.235310773961 10881.610605984812 8
855000 144 -7634.70744672896 10886.31288800315 8
856000 144 -7641.17958268396 10891.01517002149 8
857000 144 -7647.651718638959 10895.71745203983 8
858000 144 -7654.123854593959 10900.419734058169 8
859000 144 -7660.595990548958 10905.122016076508 9
860000 144 -7667.877143498333 10910.41208334714 9
861000 144 -7675.1582964477075 10915.702150617773 9
862000 144 -7682.439449397082 10920.992217888406 9
863000 144 -7689.720602346457 10926.282285159039 9
864000 144 -7697.001755295832 10931.572352429672 9
865000 144 -7704.282908245206 10936.862419700305 9
866000 144 -7711.564061194581 10942.152486970937 8
866788 5
867000 139 -7718.03619714958 10946.854768989277 7
867425 -2
868000 141 -7723.31916421114 10951.44718219221 6
869000 141 -7727.982039979882 10955.22310453851 6
870000 141 -7732.644915748624 10958.99902688481 5
871000 141 -7736.530645555908 10962.14562884006 5
872000 141 -7740.416375363193 10965.29223079531 5
873000 141 -7744.302105170477 10968.43883275056 5
874000 141 -7748.187834977762 10971.58543470581 5
875000 141 -7752.073564785046 10974.73203666106 6
876000 141 -7756.736440553788 10978.50795900736 7
877000 141 -7762.176462283987 10982.913201744708 7
878000 141 -7767.616484014186 10987.318444482056 6
879000 141 -7772.279359782929 10991.094366828356 6
880000 141 -7776.942235551671 10994.870289174656 7
881000 141 -7782.38225728187 10999.275531912004 6
882000 141 -7787.045133050612 11003.051454258304 5
883000 141 -7790.9308628578965 11006.198056213554 5
884000 141 -7794.816592665181 11009.344658168804 5
885000 141 -7798.702322472465 11012.491260124054 5
886000 141 -7802.58805227975 11015.637862079304 5
887000 141 -7806.473782087034 11018.784464034554 5
888000 141 -7810.3595118943185 11021.931065989804 5
889000 141 -7814.245241701603 11025.077667945054 6
890000 141 -7818.908117470345 11028.853590291354 5
891000 141 -7822.7938472776295 11032.000192246604 6
892000 141 -7827.456723046372 11035.776114592903 5
892518 -2
893000 143 -7831.342452853656 11038.922716548153 5
894000 143 -7835.3356304038925 11041.931791663914 5
895000 143 -7839.328807954129 11044.940866779674 5
896000 143 -7843.321985504365 11047.949941895435 5
896170 -2
897000 145 -7847.315163054602 11050.959017011195 5
898000 145 -7851.410923276047 11053.82689919295 5
899000 145 -7855.506683497491 11056.694781374707 5
900000 145 -7859.602443718936 11059.562663556462 5
901000 145 -7863.698203940381 11062.430545738218 6
902000 145 -7868.613116206115 11065.872004356324 6
903000 145 -7873.528028471848 11069.31346297443 5
904000 145 -7877.623788693293 11072.181345156187 5
905000 145 -7881.719548914738 11075.049227337942 5
906000 145 -7885.815309136183 11077.917109519698 5
907000 145 -7889.911069357628 11080.784991701454 5
907582 -6
908000 151 -7894.0068295790725 11083.65287388321 5
909000 151 -7898.379928114769 11086.07692198444 5
910000 151 -7902.753026650466 11088.500970085672 5
911000 151 -7907.126125186163 11090.925018186903 5
912000 151 -7911.49922372186 11093.349066288134 5
913000 151 -7915.872322257557 11095.773114389365 5
914000 151 -7920.245420793254 11098.197162490596 5
915000 151 -7924.618519328951 11100.621210591828 5
916000 151 -7928.991617864648 11103.045258693059 6
917000 151 -7934.239336107485 11105.954116414538 6
918000 151 -7939.487054350321 11108.862974136016 6
918728 9
919000 142 -7944.734772593158 11111.771831857495 6
920000 142 -7949.462837114798 11115.46580070945 5
921000 142 -7953.402890882832 11118.544108086078 6
922000 142 -7958.130955404473 11122.238076938032 6
923000 142 -7962.859019926113 11125.932045789987 6
924000 142 -7967.587084447754 11129.62601464194 7
925000 142 -7973.103159723001 11133.93564496922 7
926000 142 -7978.619234998248 11138.2452752965 8
927000 142 -7984.923321027102 11143.170567099105 7
928000 142 -7990.439396302349 11147.480197426385 7
929000 142 -7995.955471577597 11151.789827753664 8
930000 142 -8002.2595576064505 11156.71511955627 8
931000 142 -8008.563643635304 11161.640411358874 7
932000 142 -8014.0797189105515 11165.950041686154 8
933000 142 -8020.383804939405 11170.875333488759 8
934000 142 -8026.687890968259 11175.800625291364 8
935000 142 -8032.991976997113 11180.725917093969 9
936000 142 -8040.084073779573 11186.2668703719 8
936861 -6
937000 148 -8046.388159808427 11191.192162174504 8
938000 148 -8053.172544577678 11195.43151628837 9
939000 148 -8060.8049774430865 11200.200789666469 9
940000 148 -8068.437410308495 11204.970063044568 10
941000 148 -8076.917891270059 11210.2692556869 10
942000 148 -8085.398372231623 11215.568448329233 9
943000 148 -8093.030805097032 11220.337721707332 8
944000 148 -8099.815189866283 11224.577075821198 7
945000 148 -8105.751526539378 11228.28651067083 7
945636 -6
946000 154 -8111.687863212473 11231.995945520463 8
947000 154 -8118.878215582866 11235.502914694775 7
948000 154 -8125.16977390696 11238.571512722297 6
949000 154 -8130.562538184755 11241.201739603031 5
950000 154 -8135.056508416251 11243.393595336976 5
951000 154 -8139.550478647747 11245.585451070921 5
952000 154 -8144.044448879243 11247.777306804866 5
953000 154 -8148.538419110739 11249.969162538811 5
954000 154 -8153.032389342235 11252.161018272756 5
955000 154 -8157.526359573731 11254.352874006701 6
956000 154 -8162.919123851526 11256.983100887435 7
957000 154 -8169.21068217562 11260.051698914958 6
958000 154 -8174.603446453415 11262.681925795692 6
959000 154 -8179.99621073121 11265.312152676426 7
960000 154 -8186.287769055304 11268.38075070395 7
961000 154 -8192.579327379399 11271.449348731472 7
962000 154 -8198.870885703493 11274.517946758995 6
963000 154 -8204.263649981287 11277.148173639729 5
964000 154 -8208.757620212782 11279.340029373674 6
965000 154 -8214.150384490576 11281.970256254408 7
966000 154 -8220.44194281467 11285.038854281931 6
967000 154 -8225.834707092465 11287.669081162665 6
968000 154 -8231.227471370259 11290.299308043399 7
969000 154 -8237.519029694353 11293.367906070922 7
969702 2
970000 152 -8243.810588018447 11296.436504098445 7
971000 152 -8249.991221168459 11299.722805037945 8
972000 152 -8257.05480191133 11303.478577540232 7
973000 152 -8263.235435061342 11306.764878479733 8
974000 152 -8270.299015804214 11310.52065098202 9
975000 152 -8278.245544139943 11314.745895047094 9
976000 152 -8286.192072475673 11318.971139112167 10
977000 152 -8295.021548404262 11323.665854740026 11
978000 152 -8304.73397192571 11328.83004193067 11
979000 152 -8314.44639544716 11333.994229121316 12
980000 152 -8325.041766561466 11339.627887874747 11
981000 152 -8334.754190082915 11344.792075065392 12
982000 152 -8345.349561197221 11350.425733818824 13
983000 152 -8356.827879904387 11356.52886413504 13
984000 152 -8368.306198611554 11362.631994451256 12
985000 152 -8378.90156972586 11368.265653204688 11
985857 6
986000 146 -8388.613993247309 11373.429840395333 11
987000 146 -8397.733406545414 11379.58096233351 11
988000 146 -8406.85281984352 11385.732084271687 11
988821 2
989000 144 -8415.972233141625 11391.883206209865 12
990000 144 -8425.680437074125 11398.936629237374 11
991000 144 -8434.579624012249 11405.402267012592 10
991523 -5
992000 149 -8442.669793955998 11411.280119535517 11
993000 149 -8452.09863426372 11416.945538359527 10
994000 149 -8460.670307270742 11422.095919108628 9
995000 149 -8468.384812977061 11426.731261782817 8
996000 149 -8475.242151382678 11430.851566382098 8
997000 149 -8482.099489788294 11434.971870981379 7
998000 149 -8488.09966089321 11438.577137505748 8
999000 149 -8494.956999298825 11442.697442105029 7
