1000 8 823.8929487561572 349.5309041105607 11
2000 8 834.7858975123145 351.0618082211214 10
2866 -7
3000 1 844.6885781997302 352.4535392307221 10
4000 1 854.6870551512941 352.62806329509493 11
5000 1 865.6853797980144 352.82003976590505 10
6000 1 875.6838567495784 352.9945638302779 10
7000 1 885.6823337011423 353.1690878946508 10
7304 -3
8000 -2 895.6808106527062 353.34361195902363 10
9000 -2 905.6747189228972 352.9946169919986 10
10000 -2 915.6686271930882 352.6456220249736 11
11000 -2 926.6619262902983 352.26172756124606 10
12000 -2 936.6558345604892 351.91273259422104 10
13000 -2 946.6497428306802 351.563737627196 10
14000 -2 956.6436511008712 351.214742660171 11
15000 -2 967.6369501980813 350.83084819644347 12
16000 -2 979.6296401223104 350.41205423601343 13
17000 -2 992.6217208735587 349.95836077888094 12
18000 -2 1004.6144107977879 349.5395668184509 12
19000 -2 1016.607100722017 349.12077285802087 12
20000 -2 1028.5997906462462 348.70197889759083 13
21000 -2 1041.5918713974945 348.24828544045835 14
21534 -3
22000 -5 1055.5833429757618 347.75969248662335 14
23000 -5 1069.5300687490462 346.53951208815613 15
24000 -5 1084.4729892204225 345.23217594694125 15
25000 -5 1099.4159096917988 343.9248398057264 14
26000 -5 1113.3626354650833 342.70465940725916 15
27000 -5 1128.3055559364595 341.3973232660443 14
27030 -2
28000 -7 1142.252281709744 340.17714286757706 13
29000 -7 1155.1553816810813 338.59284140331016 12
30000 -7 1167.0659355007772 337.1304092824484 12
31000 -7 1178.976489320473 335.66797716158663 12
32000 -7 1190.887043140169 334.20554504072487 12
33000 -7 1202.797596959865 332.7431129198631 12
34000 -7 1214.7081507795608 331.28068079900135 12
35000 -7 1226.6187045992567 329.8182486781396 12
36000 -7 1238.5292584189526 328.3558165572778 12
37000 -7 1250.4398122386485 326.89338443641606 12
38000 -7 1262.3503660583444 325.4309523155543 12
39000 -7 1274.2609198780403 323.96852019469253 12
40000 -7 1286.1714736977362 322.50608807383077 12
41000 -7 1298.0820275174322 321.043655952969 13
42000 -7 1310.9851274887694 319.4593544887021 14
43000 -7 1324.8807736117478 317.75318368103007 14
44000 -7 1338.7764197347262 316.047012873358 14
45000 -7 1352.6720658577046 314.340842065686 15
45789 -8
46000 -15 1367.5602581323244 312.51280191460876 15
47000 -15 1382.0491455266604 308.6305162380709 16
48000 -15 1397.5039587472854 304.4894115164306 15
49000 -15 1411.9928461416214 300.6071258398928 16
50000 -15 1427.4476593622464 296.46602111825246 16
51000 -15 1442.9024725828715 292.32491639661214 16
52000 -15 1458.3572858034966 288.1838116749718 15
53000 -15 1472.8461731978325 284.301525998434 15
54000 -15 1487.3350605921685 280.41924032189615 15
55000 -15 1501.8239479865044 276.5369546453583 14
56000 -15 1515.3469095545513 272.91348801392303 14
56849 -6
57000 -21 1528.8698711225982 269.29002138248774 15
58000 -21 1542.8735775200562 263.91450213930824 16
59000 -21 1557.8108643440114 258.18061494658343 17
60000 -21 1573.6817315944638 252.0883598043133 17
61000 -21 1589.5525988449162 245.9961046620432 17
62000 -21 1605.4234660953687 239.90384951977308 17
63000 -21 1621.294333345821 233.81159437750296 17
64000 -21 1637.1652005962735 227.71933923523284 17
65000 -21 1653.036067846726 221.62708409296272 16
66000 -21 1667.9733546706811 215.8931969002379 16
67000 -21 1682.9106414946364 210.1593097075131 16
68000 -21 1697.8479283185916 204.4254225147883 15
69000 -21 1711.8516347160496 199.0499032716088 15
69246 6
70000 -15 1725.8553411135076 193.6743840284293 16
71000 -15 1741.3101543341327 189.53327930678898 17
72000 -15 1757.7308933810468 185.13335554004613 16
73000 -15 1773.1857066016719 180.9922508184058 17
74000 -15 1789.606445648586 176.59232705166295 17
75000 -15 1806.0271846955002 172.1924032849201 17
76000 -15 1822.4479237424143 167.79247951817723 18
77000 -15 1839.8345886156176 163.13373670633186 19
78000 -15 1858.18717931511 158.21617484938398 20
79000 -15 1877.5056958408913 153.03979394733355 20
80000 -15 1896.8242123666728 147.86341304528312 21
81000 -15 1917.1086547187433 142.4282130981302 21
82000 -15 1937.3930970708138 136.99301315097725 21
83000 -15 1957.6775394228844 131.5578132038243 20
84000 -15 1976.9960559486658 126.3814323017739 21
85000 -15 1997.2804983007363 120.94623235462096 21
86000 -15 2017.5649406528069 115.51103240746802 21
87000 -15 2037.8493830048774 110.07583246031508 21
88000 -15 2058.133825356948 104.64063251316215 20
88828 -9
89000 -24 2077.4523418827293 99.46425161111173 19
90000 -24 2094.809705577939 91.73625539267154 19
91000 -24 2112.1670692731486 84.00825917423134 18
92000 -24 2128.6108875107157 76.68699959886693 17
93000 -24 2144.14116029064 69.77247666657833 18
94000 -24 2160.584978528207 62.45121709121393 18
94416 -1
95000 -25 2177.028796765774 55.129957515849526 17
96000 -25 2192.4360291453972 47.945447066257636 17
97000 -25 2207.8432615250204 40.760936616665745 18
98000 -25 2224.15680169168 33.15380790533315 18
99000 -25 2240.4703418583395 25.546679194000564 18
100000 -25 2256.783882024999 17.939550482667975 18
101000 -25 2273.0974221916586 10.332421771335387 19
102000 -25 2290.317270145355 2.302674798262098 20
103000 -25 2308.443425886088 -6.149690436551891 20
104000 -25 2326.5695816268208 -14.60205567136588 20
104552 6
105000 -19 2344.6957373675536 -23.05442090617987 19
105525 6
106000 -13 2362.660590303941 -29.240215840865847 19
107000 -13 2381.17362153486 -33.51428587339928 20
108000 -13 2400.661022830565 -38.01330696027658 21
108522 -2
109000 -15 2421.1227941910547 -42.73727910149775 21
110000 -15 2441.4072365431252 -48.172479048650686 20
111000 -15 2460.7257530689067 -53.3488599507011 20
112000 -15 2480.044269594688 -58.52524085275151 20
113000 -15 2499.3627861204695 -63.70162175480192 20
114000 -15 2518.681302646251 -68.87800265685233 21
115000 -15 2538.9657449983215 -74.31320260400527 20
116000 -15 2558.284261524103 -79.48958350605568 20
117000 -15 2577.6027780498844 -84.66596440810609 20
117554 -5
118000 -20 2596.921294575666 -89.8423453101565 20
119000 -20 2615.715146991384 -96.68274817666988 21
120000 -20 2635.448692027888 -103.86517118650892 20
121000 -20 2654.2425444436058 -110.70557405302229 20
122000 -20 2673.0363968593238 -117.54597691953566 19
123000 -20 2690.890556654256 -124.04435964272336 18
123687 -1
124000 -21 2707.8050238284027 -130.2007222225854 18
125000 -21 2724.6094715053523 -136.6513453144008 17
126000 -21 2740.480338755805 -142.7436004566709 17
127000 -21 2756.3512060062576 -148.835855598941 17
128000 -21 2772.2220732567102 -154.92811074121113 17
129000 -21 2788.092940507163 -161.02036588348125 16
130000 -21 2803.030227331118 -166.75425307620606 16
131000 -21 2817.9675141550733 -172.48814026893086 17
132000 -21 2833.838381405526 -178.58039541120098 17
133000 -21 2849.7092486559786 -184.6726505534711 17
134000 -21 2865.5801159064313 -190.76490569574122 17
135000 -21 2881.450983156884 -196.85716083801134 17
136000 -21 2897.3218504073366 -202.94941598028146 18
137000 -21 2914.126298084286 -209.40003907209686 19
137073 2
138000 -19 2931.8643261877332 -216.20903011345757 20
139000 -19 2950.7746976997196 -222.72039320260072 20
140000 -19 2969.685069211706 -229.23175629174386 20
141000 -19 2988.5954407236923 -235.743119380887 20
142000 -19 3007.5058122356786 -242.25448247003015 19
143000 -19 3025.4706651720658 -248.44027740471614 19
144000 -19 3043.435518108453 -254.62607233940213 20
145000 -19 3062.3458896204393 -261.13743542854525 19
146000 -19 3080.3107425568264 -267.32323036323123 19
147000 -19 3098.2755954932136 -273.5090252979172 19
148000 -19 3116.2404484296007 -279.6948202326032 19
149000 -19 3134.205301365988 -285.8806151672892 19
150000 -19 3152.170154302375 -292.0664101019752 19
151000 -19 3170.1350072387622 -298.25220503666117 18
152000 -19 3187.1543415995498 -304.11243181688997 19
153000 -19 3205.119194535937 -310.29822675157595 19
153968 -6
154000 -25 3223.084047472324 -316.48402168626194 20
155000 -25 3241.210203213057 -324.93638692107595 21
156000 -25 3260.2426667408267 -333.81137041763066 21
157000 -25 3279.2751302685965 -342.68635391418536 22
158000 -25 3299.2139015834027 -351.98395567248076 22
159000 -25 3319.152672898209 -361.28155743077616 23
160000 -25 3339.997752000052 -371.00177745081226 23
161000 -25 3360.842831101895 -380.72199747084835 24
162000 -25 3382.5942179907747 -390.86483575262514 24
163000 -25 3404.3456048796543 -401.00767403440193 24
164000 -25 3426.096991768534 -411.1505123161787 25
165000 -25 3448.7546864444503 -421.7159688596962 25
166000 -25 3471.4123811203667 -432.2814254032137 25
167000 -25 3494.070075796283 -442.8468819467312 24
168000 -25 3515.8214626851627 -452.98972022850796 25
169000 -25 3538.479157361079 -463.55517677202545 25
170000 -25 3561.1368520369956 -474.12063331554293 25
171000 -25 3583.794546712912 -484.6860898590604 25
172000 -25 3606.4522413888285 -495.2515464025779 26
173000 -25 3630.0162438517814 -506.2396212078361 26
174000 -25 3653.5802463147343 -517.2276960130943 25
175000 -25 3676.2379409906507 -527.7931525566117 24
176000 -25 3697.9893278795303 -537.9359908383885 24
177000 -25 3719.74071476841 -548.0788291201653 24
178000 -25 3741.4921016572894 -558.2216674019421 24
179000 -25 3763.243488546169 -568.3645056837189 24
180000 -25 3784.9948754350485 -578.5073439654957 24
180905 -4
181000 -29 3806.746262323928 -588.6501822472725 23
182000 -29 3826.862515588134 -599.8008035129383 24
183000 -29 3847.8533885594798 -611.4362343988504 24
183303 9
184000 -20 3868.8442615308254 -623.0716652847625 24
185000 -20 3891.3968844296874 -631.2801487245786 25
186000 -20 3914.889199949335 -639.8306523077202 25
187000 -20 3938.3815154689823 -648.3811558908619 25
188000 -20 3961.87383098863 -656.9316594740036 24
189000 -20 3984.426453887492 -665.1401429138197 23
189360 -3
190000 -23 4006.0393841655678 -673.00660621031 24
191000 -23 4028.1315006484265 -682.3841532940526 23
191418 -6
192000 -29 4049.3031122778325 -691.3709692493059 23
193000 -29 4069.4193655420386 -702.5215905149716 23
194000 -29 4089.5356188062447 -713.6722117806374 23
195000 -29 4109.651872070451 -724.8228330463032 23
196000 -29 4129.768125334657 -735.973454311969 22
197000 -29 4149.009758891724 -746.6392659573885 21
198000 -29 4167.376772741652 -756.8202679825615 21
199000 -29 4185.743786591579 -767.0012700077345 21
199901 -2
200000 -31 4204.110800441506 -777.1822720329076 21
201000 -31 4222.111313756251 -787.9980716060187 21
202000 -31 4240.111827070995 -798.8138711791298 21
203000 -31 4258.112340385739 -809.6296707522409 21
204000 -31 4276.112853700483 -820.4454703253521 22
205000 -31 4294.970534315929 -831.7763079733733 22
206000 -31 4313.828214931375 -843.1071456213945 22
207000 -31 4332.6858955468215 -854.4379832694157 23
208000 -31 4352.40074346297 -866.283858992347 23
209000 -31 4372.115591379119 -878.1297347152782 23
210000 -31 4391.830439295268 -889.9756104382095 23
211000 -31 4411.5452872114165 -901.8214861611408 23
212000 -31 4431.260135127565 -913.6673618840721 23
213000 -31 4450.974983043714 -925.5132376070034 24
214000 -31 4471.546998260565 -937.8741514048446 25
215000 -31 4492.976180778117 -950.7501032775959 24
216000 -31 4513.5481959949675 -963.1110170754372 24
217000 -31 4534.120211211818 -975.4719308732784 24
218000 -31 4554.692226428669 -987.8328446711197 24
219000 -31 4575.264241645519 -1000.1937584689609 25
220000 -31 4596.6934241630715 -1013.0697103417123 25
221000 -31 4618.122606680624 -1025.9456622144637 25
222000 -31 4639.551789198176 -1038.821614087215 24
223000 -31 4660.123804415027 -1051.1825278850563 24
224000 -31 4680.695819631877 -1063.5434416828975 24
225000 -31 4701.267834848728 -1075.9043554807388 24
226000 -31 4721.8398500655785 -1088.26526927858 24
227000 -31 4742.411865282429 -1100.6261830764213 24
228000 -31 4762.98388049928 -1112.9870968742625 23
229000 -31 4782.698728415428 -1124.8329725971937 22
230000 -31 4801.556409030874 -1136.1638102452148 22
231000 -31 4820.4140896463205 -1147.4946478932359 22
232000 -31 4839.2717702617665 -1158.825485541257 21
233000 -31 4857.272283576511 -1169.6412851143682 21
234000 -31 4875.272796891255 -1180.4570846874794 21
235000 -31 4893.273310205999 -1191.2728842605907 21
236000 -31 4911.2738235207435 -1202.088683833702 21
237000 -31 4929.274336835488 -1212.9044834068131 22
238000 -31 4948.132017450934 -1224.2353210548342 23
239000 -31 4967.8468653670825 -1236.0811967777654 22
240000 -31 4986.7045459825285 -1247.4120344257865 22
241000 -31 5005.562226597975 -1258.7428720738076 23
242000 -31 5025.277074514123 -1270.5887477967387 23
243000 -31 5044.991922430272 -1282.43462351967 23
244000 -31 5064.706770346421 -1294.280499242601 24
245000 -31 5085.278785563271 -1306.6414130404423 24
245170 -9
246000 -40 5105.850800780122 -1319.0023268382836 25
247000 -40 5125.001911858097 -1335.072017080447 25
248000 -40 5144.1530229360715 -1351.1417073226105 26
249000 -40 5164.070178457165 -1367.8541851744606 26
250000 -40 5183.987333978258 -1384.5666630263106 26
250127 2
251000 -38 5203.904489499351 -1401.2791408781607 26
252000 -38 5224.392769093126 -1417.2863392366278 26
253000 -38 5244.881048686901 -1433.293537595095 26
253888 -8
254000 -46 5265.369328280675 -1449.300735953562 25
255000 -46 5282.73578754215 -1467.2842309620282 25
256000 -46 5300.102246803625 -1485.2677259704944 25
256187 -7
257000 -53 5317.4687060651 -1503.2512209789606 26
258000 -53 5333.115896667054 -1524.0157442401903 26
259000 -53 5348.763087269007 -1544.78026750142 27
260000 -53 5365.012092894112 -1566.343426272697 28
261000 -53 5381.86291354237 -1588.705220554021 28
262000 -53 5398.713734190627 -1611.0670148353452 29
263000 -53 5416.166369862037 -1634.2274446267168 28
264000 -53 5433.017190510294 -1656.589238908041 28
265000 -53 5449.868011158552 -1678.951033189365 28
266000 -53 5466.718831806809 -1701.3128274706892 29
267000 -53 5484.171467478219 -1724.4732572620608 28
268000 -53 5501.022288126476 -1746.835051543385 28
269000 -53 5517.873108774734 -1769.196845824709 29
270000 -53 5535.325744446143 -1792.3572756160806 30
271000 -53 5553.380195140705 -1816.3163409174995 31
272000 -53 5572.036460858419 -1841.0740417289655 30
273000 -53 5590.09091155298 -1865.0331070303844 31
274000 -53 5608.747177270694 -1889.7908078418504 31
275000 -53 5627.403442988408 -1914.5485086533165 32
276000 -53 5646.6615237292735 -1940.1048449748298 31
277000 -53 5665.317789446987 -1964.8625457862959 32
278000 -53 5684.575870187853 -1990.4188821078092 31
279000 -53 5703.232135905567 -2015.1765829192752 31
280000 -53 5721.8884016232805 -2039.9342837307413 31
281000 -53 5740.544667340994 -2064.6919845422076 30
281887 -4
282000 -57 5758.599118035556 -2088.6510498436264 30
283000 -57 5774.938289086007 -2113.8111668819893 30
284000 -57 5791.277460136458 -2138.971283920352 30
285000 -57 5807.616631186909 -2164.131400958715 30
286000 -57 5823.95580223736 -2189.291517997078 29
287000 -57 5839.750334252796 -2213.612964467495 30
288000 -57 5856.089505303247 -2238.773081505858 30
289000 -57 5872.428676353698 -2263.933198544221 29
290000 -57 5888.223208369134 -2288.2546450146383 29
291000 -57 5904.01774038457 -2312.5760914850557 29
292000 -57 5919.812272400006 -2336.897537955473 28
293000 -57 5935.062165380426 -2360.380313857945 28
294000 -57 5950.312058360847 -2383.863089760417 28
295000 -57 5965.561951341268 -2407.345865662889 28
296000 -57 5980.811844321688 -2430.828641565361 27
297000 -57 5995.517098267094 -2453.4727468998876 26
298000 -57 6009.677713177485 -2475.2781816664688 27
299000 -57 6024.382967122891 -2497.9222870009953 28
300000 -57 6039.632860103312 -2521.4050629034673 28
301000 -57 6054.8827530837325 -2544.8878388059393 28
302000 -57 6070.132646064153 -2568.3706147084113 29
303000 -57 6085.927178079589 -2592.6920611788287 29
303487 4
304000 -53 6101.721710095025 -2617.013507649246 29
305000 -53 6119.174345766434 -2640.1739374406175 29
306000 -53 6136.626981437844 -2663.334367231989 29
307000 -53 6154.079617109253 -2686.49479702336 28
308000 -53 6170.930437757511 -2708.8565913046846 29
309000 -53 6188.38307342892 -2732.017021096056 30
310000 -53 6206.437524123482 -2755.976086397475 31
311000 -53 6225.093789841196 -2780.733787208941 30
312000 -53 6243.148240535757 -2804.69285251036 29
313000 -53 6260.600876207167 -2827.8532823017313 29
314000 -53 6278.0535118785765 -2851.0137120931026 29
315000 -53 6295.506147549986 -2874.174141884474 29
316000 -53 6312.958783221396 -2897.3345716758454 30
317000 -53 6331.013233915957 -2921.293636977264 30
318000 -53 6349.067684610519 -2945.252702278683 30
318549 -3
319000 -56 6367.1221353050805 -2969.211767580102 30
320000 -56 6383.897922409203 -2994.082894756753 30
321000 -56 6400.673709513325 -3018.954021933404 30
322000 -56 6417.449496617447 -3043.825149110055 29
323000 -56 6433.666090818098 -3067.8672387141514 29
324000 -56 6449.88268501875 -3091.909328318248 29
325000 -56 6466.099279219401 -3115.9514179223443 29
326000 -56 6482.315873420052 -3139.9935075264407 29
327000 -56 6498.532467620704 -3164.035597130537 29
328000 -56 6514.749061821355 -3188.0776867346335 29
329000 -56 6530.965656022006 -3212.11977633873 30
330000 -56 6547.741443126129 -3236.990903515381 31
331000 -56 6565.076423133722 -3262.691068264587 30
332000 -56 6581.852210237844 -3287.562195441238 30
333000 -56 6598.627997341966 -3312.433322617889 29
334000 -56 6614.844591542617 -3336.4754122219856 29
335000 -56 6631.061185743269 -3360.517501826082 29
336000 -56 6647.27777994392 -3384.5595914301784 29
337000 -56 6663.494374144571 -3408.601681034275 29
338000 -56 6679.710968345223 -3432.6437706383713 29
338998 -5
339000 -61 6695.927562545874 -3456.6858602424677 29
340000 -61 6709.987041533018 -3482.0498317495103 28
341000 -61 6723.561710899915 -3506.5391835494133 29
342000 -61 6737.621189887059 -3531.903155056456 28
343000 -61 6751.195859253956 -3556.392506856359 28
344000 -61 6764.770528620853 -3580.881858656262 28
345000 -61 6778.34519798775 -3605.371210456165 27
346000 -61 6791.435057734401 -3628.9859425489285 26
347000 -61 6804.040107860806 -3651.726054934553 25
348000 -61 6816.160348366964 -3673.5915476130376 25
349000 -61 6828.280588873123 -3695.4570402915224 26
350000 -61 6840.885638999527 -3718.1971526771467 26
351000 -61 6853.490689125932 -3740.937265062771 27
352000 -61 6866.580548872583 -3764.5519971555345 27
353000 -61 6879.670408619234 -3788.166729248298 26
354000 -61 6892.275458745638 -3810.9068416339223 25
355000 -61 6904.395699251797 -3832.772334312407 24
356000 -61 6916.031130137709 -3853.7632072837528 24
357000 -61 6927.6665610236205 -3874.7540802550984 24
358000 -61 6939.301991909532 -3895.744953226444 24
359000 -61 6950.937422795444 -3916.7358261977897 24
360000 -61 6962.572853681356 -3937.7266991691354 24
361000 -61 6974.208284567268 -3958.717572140481 25
362000 -61 6986.328525073426 -3980.583064818966 26
363000 -61 6998.933575199831 -4003.32317720459 26
364000 -61 7011.538625326235 -4026.0632895902145 26
365000 -61 7024.143675452639 -4048.803401975839 26
365983 9
366000 -52 7036.748725579044 -4071.543514361463 26
367000 -52 7052.7559239375105 -4092.031793955238 25
367809 -4
368000 -56 7068.147460820652 -4111.732062795406 25
369000 -56 7082.127283407421 -4132.458002109282 25
370000 -56 7096.10710599419 -4153.183941423157 24
371000 -56 7109.527735677488 -4173.080843164478 24
371988 -5
372000 -61 7122.948365360786 -4192.977744905799 25
373000 -61 7135.068605866944 -4214.843237584284 24
373092 5
374000 -56 7146.704036752856 -4235.834110555629 23
375000 -56 7159.565473532683 -4254.901974724396 23
376000 -56 7172.426910312511 -4273.969838893162 22
377000 -56 7184.729154188867 -4292.208665489373 22
378000 -56 7197.031398065224 -4310.447492085584 22
379000 -56 7209.33364194158 -4328.686318681795 21
380000 -56 7221.076692914466 -4346.096107705451 21
381000 -56 7232.819743887351 -4363.505896729107 22
382000 -56 7245.121987763708 -4381.744723325318 23
383000 -56 7257.983424543535 -4400.812587494084 23
384000 -56 7270.844861323362 -4419.880451662851 23
385000 -56 7283.7062981031895 -4438.948315831617 22
386000 -56 7296.008541979546 -4457.187142427828 23
386354 -2
387000 -58 7308.869978759373 -4476.255006596594 24
388000 -58 7321.58804110097 -4496.608160904349 24
389000 -58 7334.306103442567 -4516.961315212103 24
390000 -58 7347.024165784164 -4537.314469519857 24
391000 -58 7359.742228125761 -4557.667623827611 24
392000 -58 7372.460290467358 -4578.020778135366 24
393000 -58 7385.178352808955 -4598.37393244312 25
394000 -58 7398.426334414786 -4619.57513484703 26
394036 -2
395000 -60 7412.204235284849 -4641.624385347098 27
396000 -60 7425.704235284849 -4665.007071249278 27
397000 -60 7439.204235284849 -4688.389757151458 26
398000 -60 7452.204235284849 -4710.906417649853 26
399000 -60 7465.204235284849 -4733.423078148248 26
400000 -60 7478.204235284849 -4755.9397386466435 26
400940 7
401000 -53 7491.204235284849 -4778.456399145039 25
402000 -53 7506.249610863651 -4798.422286896221 24
403000 -53 7520.6931714193 -4817.589539137356 24
404000 -53 7535.136731974949 -4836.7567913784915 23
405000 -53 7548.978477507446 -4855.125408109579 23
406000 -53 7562.820223039943 -4873.494024840667 23
407000 -53 7576.66196857244 -4891.862641571755 23
408000 -53 7590.503714104937 -4910.231258302843 23
408149 -3
409000 -56 7604.345459637434 -4928.599875033931 22
410000 -56 7616.6477035137905 -4946.838701630142 21
411000 -56 7628.390754486676 -4964.248490653798 22
412000 -56 7640.6929983630325 -4982.487317250009 22
413000 -56 7652.995242239389 -5000.72614384622 22
414000 -56 7665.297486115745 -5018.964970442431 22
415000 -56 7677.599729992102 -5037.203797038642 21
416000 -56 7689.3427809649875 -5054.613586062298 22
417000 -56 7701.645024841344 -5072.852412658509 22
417605 8
418000 -48 7713.9472687177 -5091.09123925472 21
418468 4
419000 -44 7727.999011451237 -5106.697280589745 22
420000 -44 7743.824487058687 -5121.979764739843 22
421000 -44 7759.649962666137 -5137.262248889941 21
421834 -1
422000 -45 7774.756098473249 -5151.85007466958 21
422562 3
423000 -42 7789.605340878166 -5166.699317074497 22
424000 -42 7805.954527038669 -5181.420190414392 22
424257 -9
425000 -51 7822.303713199171 -5196.141063754287 22
426000 -51 7836.1487618022675 -5213.23827490634 22
427000 -51 7849.993810405364 -5230.335486058393 21
428000 -51 7863.2095386174105 -5246.6555512489895 22
429000 -51 7877.054587220507 -5263.752762401043 22
430000 -51 7890.899635823603 -5280.849973553096 22
431000 -51 7904.744684426699 -5297.947184705149 22
432000 -51 7918.589733029795 -5315.044395857202 23
433000 -51 7933.064102023941 -5332.918752970712 22
434000 -51 7946.909150627037 -5350.015964122766 21
435000 -51 7960.124878839084 -5366.336029313362 21
436000 -51 7973.340607051131 -5382.656094503958 21
437000 -51 7986.556335263178 -5398.976159694555 21
438000 -51 7999.772063475225 -5415.296224885151 21
439000 -51 8012.987791687272 -5431.616290075747 21
440000 -51 8026.203519899319 -5447.9363552663435 21
441000 -51 8039.419248111366 -5464.25642045694 22
442000 -51 8053.264296714462 -5481.353631608993 23
443000 -51 8067.738665708608 -5499.227988722503 23
444000 -51 8082.213034702754 -5517.102345836013 24
445000 -51 8097.31672408795 -5535.75384891098 24
446000 -51 8112.420413473146 -5554.405351985947 25
446782 9
447000 -42 8128.153423249392 -5573.834001022371 24
448000 -42 8145.98889906085 -5589.893135574984 25
449000 -42 8164.5675196977845 -5606.621400733955 25
450000 -42 8183.146140334719 -5623.349665892926 25
451000 -42 8201.724760971654 -5640.077931051897 24
451514 -4
452000 -46 8219.560236783112 -5656.13706560451 24
453000 -46 8236.232037674128 -5673.401220812638 23
454000 -46 8252.209180194684 -5689.946036220426 24
455000 -46 8268.8809810857 -5707.210191428554 24
456000 -46 8285.552781976716 -5724.474346636682 23
457000 -46 8301.529924497272 -5741.019162044471 22
458000 -46 8316.81240864737 -5756.844637651921 22
459000 -46 8332.09489279747 -5772.670113259372 21
460000 -46 8346.682718577109 -5787.776249066484 20
461000 -46 8360.575885986289 -5802.163045073256 19
462000 -46 8373.77439502501 -5815.830501279691 19
463000 -46 8386.97290406373 -5829.497957486125 20
464000 -46 8400.86607147291 -5843.884753492898 21
464810 -8
465000 -54 8415.45389725255 -5858.99088930001 22
466000 -54 8428.385172802984 -5876.789263176259 22
467000 -54 8441.316448353418 -5894.5876370525075 22
468000 -54 8454.247723903853 -5912.386010928756 21
469000 -54 8466.591214201995 -5929.37536781063 22
470000 -54 8479.52248975243 -5947.173741686879 22
471000 -54 8492.453765302864 -5964.972115563128 22
472000 -54 8505.385040853298 -5982.770489439376 22
473000 -54 8518.316316403732 -6000.568863315625 22
474000 -54 8531.247591954167 -6018.367237191874 21
475000 -54 8543.59108225231 -6035.356594073748 22
476000 -54 8556.522357802743 -6053.154967949997 22
477000 -54 8569.453633353178 -6070.953341826245 22
478000 -54 8582.384908903612 -6088.751715702494 22
479000 -54 8595.316184454046 -6106.550089578743 23
480000 -54 8608.835245256772 -6125.157480449367 23
481000 -54 8622.354306059498 -6143.764871319991 22
482000 -54 8635.285581609933 -6161.563245196239 21
483000 -54 8647.629071908075 -6178.5526020781135 22
484000 -54 8660.56034745851 -6196.350975954362 22
485000 -54 8673.491623008944 -6214.149349830611 21
486000 -54 8685.835113307086 -6231.138706712485 21
487000 -54 8698.178603605229 -6248.128063594359 20
488000 -54 8709.934308651078 -6264.3084034818585 19
489000 -54 8721.102228444635 -6279.679726374982 20
490000 -54 8732.857933490484 -6295.860066262481 20
491000 -54 8744.613638536333 -6312.04040614998 21
492000 -54 8756.957128834476 -6329.029763031855 22
493000 -54 8769.88840438491 -6346.828136908103 22
494000 -54 8782.819679935345 -6364.626510784352 21
495000 -54 8795.163170233487 -6381.615867666226 21
496000 -54 8807.50666053163 -6398.6052245481005 21
497000 -54 8819.850150829772 -6415.594581429975 22
498000 -54 8832.781426380207 -6433.3929553062235 23
499000 -54 8846.300487182933 -6452.000346176847 23
500000 -54 8859.819547985659 -6470.607737047471 24
501000 -54 8873.926394040678 -6490.02414491247 23
502000 -54 8887.445454843404 -6508.631535783094 24
503000 -54 8901.552300898424 -6528.047943648092 25
504000 -54 8916.246932205735 -6548.273368507465 25
505000 -54 8930.941563513046 -6568.498793366839 25
506000 -54 8945.636194820358 -6588.7242182262125 24
507000 -54 8959.743040875377 -6608.140626091211 25
508000 -54 8974.437672182688 -6628.366050950584 25
509000 -54 8989.13230349 -6648.591475809958 26
510000 -54 9004.414720049605 -6669.625917663707 26
511000 -54 9019.69713660921 -6690.660359517456 25
512000 -54 9034.39176791652 -6710.885784376829 25
513000 -54 9049.086399223832 -6731.111209236203 26
514000 -54 9064.368815783437 -6752.145651089952 26
515000 -54 9079.651232343042 -6773.1800929437 27
516000 -54 9095.521434154938 -6795.023551791824 27
517000 -54 9111.391635966835 -6816.867010639947 27
518000 -54 9127.261837778731 -6838.71046948807 27
519000 -54 9143.132039590628 -6860.553928336193 27
520000 -54 9159.002241402524 -6882.397387184316 28
521000 -54 9175.460228466714 -6905.049863026815 28
522000 -54 9191.918215530904 -6927.702338869313 28
523000 -54 9208.376202595095 -6950.354814711812 27
524000 -54 9224.246404406991 -6972.198273559935 26
525000 -54 9239.528820966596 -6993.232715413684 26
526000 -54 9254.8112375262 -7014.267157267433 25
527000 -54 9269.505868833512 -7034.492582126806 26
528000 -54 9284.788285393117 -7055.527023980555 25
529000 -54 9299.482916700428 -7075.752448839929 24
530000 -54 9313.589762755448 -7095.168856704927 24
531000 -54 9327.696608810467 -7114.585264569925 24
532000 -54 9341.803454865487 -7134.001672434923 24
533000 -54 9355.910300920506 -7153.418080299922 25
533953 6
534000 -48 9370.604932227818 -7173.643505159295 25
535000 -48 9387.33319738679 -7192.22212579623 24
536000 -48 9403.392331939402 -7210.0576016076875 25
537000 -48 9420.120597098374 -7228.636222244622 24
538000 -48 9436.179731650986 -7246.47169805608 25
539000 -48 9452.907996809958 -7265.050318693015 26
540000 -48 9470.305392575288 -7284.372084155427 27
541000 -48 9488.371918946978 -7304.4369944433165 27
542000 -48 9506.438445318667 -7324.501904731206 27
543000 -48 9524.504971690356 -7344.566815019096 27
544000 -48 9542.571498062045 -7364.631725306986 27
545000 -48 9560.638024433734 -7384.696635594875 28
546000 -48 9579.373681411782 -7405.504690708242 28
547000 -48 9598.10933838983 -7426.3127458216095 27
548000 -48 9616.175864761519 -7446.377656109499 27
549000 -48 9634.242391133208 -7466.442566397389 28
549133 8
550000 -40 9652.978048111256 -7487.250621510756 29
551000 -40 9675.193336961705 -7505.891462191666 28
552000 -40 9696.642581369037 -7523.889515262888 29
553000 -40 9718.857870219486 -7542.530355943798 28
554000 -40 9740.307114626818 -7560.528409015021 28
555000 -40 9761.756359034149 -7578.526462086244 28
556000 -40 9783.20560344148 -7596.524515157466 27
557000 -40 9803.888803405693 -7613.879780619003 26
558000 -40 9823.805958926787 -7630.592258470853 26
559000 -40 9843.723114447881 -7647.304736322703 26
560000 -40 9863.640269968975 -7664.017214174553 26
560081 -6
561000 -46 9883.55742549007 -7680.729692026403 25
562000 -46 9900.923884751544 -7698.713187034869 25
563000 -46 9918.29034401302 -7716.696682043335 26
564000 -46 9936.351461644954 -7735.399516852141 26
564929 7
565000 -39 9954.412579276888 -7754.102351660946 26
566000 -39 9974.618374274769 -7770.464681828242 27
567000 -39 9995.601315234107 -7787.456332386588 27
568000 -39 10016.584256193446 -7804.447982944934 27
569000 -39 10037.567197152785 -7821.43963350328 27
570000 -39 10058.550138112123 -7838.431284061626 26
571000 -39 10078.755933110004 -7854.793614228922 26
572000 -39 10098.961728107884 -7871.155944396218 26
572678 -5
573000 -44 10119.167523105765 -7887.518274563514 26
574000 -44 10137.87035791457 -7905.579392195447 25
575000 -44 10155.853852923035 -7922.945851456922 24
576000 -44 10173.118008131163 -7939.617652347938 24
577000 -44 10190.38216333929 -7956.289453238954 24
577813 2
578000 -42 10207.646318547419 -7972.961254129969 25
579000 -42 10226.224939184354 -7989.689519288941 26
580000 -42 10245.546704646766 -8007.086915054271 25
581000 -42 10264.125325283701 -8023.8151802132425 26
582000 -42 10283.447090746113 -8041.212575978573 26
583000 -42 10302.768856208524 -8058.609971743904 26
584000 -42 10322.090621670935 -8076.007367509234 27
585000 -42 10342.155531958824 -8094.073893880924 28
586000 -42 10362.96358707219 -8112.809550858971 29
587000 -42 10384.514787011034 -8132.214338443378 30
588000 -42 10406.809131775355 -8152.288256634144 29
589000 -42 10428.360331714199 -8171.693044218551 28
590000 -42 10449.168386827565 -8190.428701196599 27
591000 -42 10469.233297115454 -8208.495227568288 27
592000 -42 10489.298207403343 -8226.561753939977 26
593000 -42 10508.619972865754 -8243.959149705308 26
594000 -42 10527.941738328165 -8261.356545470639 26
595000 -42 10547.263503790577 -8278.75394123597 26
596000 -42 10566.585269252988 -8296.1513370013 27
597000 -42 10586.650179540877 -8314.217863372989 26
598000 -42 10605.971945003288 -8331.61525913832 26
599000 -42 10625.2937104657 -8349.01265490365 26
600000 -42 10644.61547592811 -8366.410050668981 26
601000 -42 10663.937241390522 -8383.807446434312 26
602000 -42 10683.259006852933 -8401.204842199642 26
602424 -1
603000 -43 10702.580772315345 -8418.602237964973 27
604000 -43 10722.327322259063 -8437.01619368666 26
605000 -43 10741.342518501162 -8454.748151048285 25
606000 -43 10759.62636104164 -8471.798110049847 25
607000 -43 10777.91020358212 -8488.84806905141 26
608000 -43 10796.925399824218 -8506.580026413034 27
609000 -43 10816.671949767937 -8524.993982134722 27
609878 3
610000 -40 10836.418499711655 -8543.40793785641 27
611000 -40 10857.101699675868 -8560.763203317945 27
611804 3
612000 -37 10877.78489964008 -8578.118468779481 28
613000 -37 10900.146693921404 -8594.969289427738 29
614000 -37 10923.307123712775 -8612.421925099146 29
615000 -37 10946.467553504146 -8629.874560770555 29
616000 -37 10969.627983295517 -8647.327196441964 29
617000 -37 10992.788413086888 -8664.779832113372 28
618000 -37 11015.150207368211 -8681.630652761629 28
619000 -37 11037.512001649535 -8698.481473409885 28
620000 -37 11059.873795930858 -8715.332294058142 27
621000 -37 11081.436954702136 -8731.581299683246 27
621297 -7
622000 -44 11103.000113473414 -8747.830305308351 28
622014 -3
623000 -47 11123.141627882897 -8767.280739681202 28
624000 -47 11142.237581964646 -8787.758643326539 29
625000 -47 11162.015534406459 -8808.967900673495 30
626000 -47 11182.475485208333 -8830.90851172207 30
627000 -47 11202.935436010208 -8852.849122770644 30
628000 -47 11223.395386812083 -8874.789733819218 29
628615 5
629000 -42 11243.173339253895 -8895.998991166174 28
630000 -42 11263.981394367262 -8914.734648144222 27
631000 -42 11284.04630465515 -8932.801174515911 26
632000 -42 11303.368070117562 -8950.198570281242 25
633000 -42 11321.946690754497 -8966.926835440214 25
634000 -42 11340.525311391433 -8983.655100599186 25
635000 -42 11359.103932028369 -9000.383365758158 25
636000 -42 11377.682552665305 -9017.11163091713 24
637000 -42 11395.518028476763 -9033.170765469742 24
638000 -42 11413.353504288221 -9049.229900022354 24
639000 -42 11431.18898009968 -9065.289034574966 25
640000 -42 11449.767600736615 -9082.017299733938 25
641000 -42 11468.346221373551 -9098.74556489291 24
642000 -42 11486.18169718501 -9114.804699445522 23
643000 -42 11503.27402817099 -9130.194703391775 23
644000 -42 11520.366359156971 -9145.584707338028 24
645000 -42 11538.20183496843 -9161.64384189064 25
646000 -42 11556.780455605365 -9178.372107049612 26
647000 -42 11576.102221067777 -9195.769502814943 26
648000 -42 11595.423986530188 -9213.166898580273 26
649000 -42 11614.7457519926 -9230.564294345604 26
650000 -42 11634.06751745501 -9247.961690110935 27
651000 -42 11654.1324277429 -9266.028216482624 26
652000 -42 11673.45419320531 -9283.425612247955 25
653000 -42 11692.032813842246 -9300.153877406927 25
654000 -42 11710.611434479182 -9316.882142565899 24
655000 -42 11728.44691029064 -9332.94127711851 24
656000 -42 11746.282386102099 -9349.000411671122 23
657000 -42 11763.37471708808 -9364.390415617376 23
658000 -42 11780.46704807406 -9379.780419563629 23
659000 -42 11797.559379060041 -9395.170423509882 23
660000 -42 11814.651710046022 -9410.560427456136 24
661000 -42 11832.48718585748 -9426.619562008747 23
662000 -42 11849.579516843462 -9442.009565955 22
663000 -42 11865.928703003965 -9456.730439294895 22
664000 -42 11882.277889164468 -9471.45131263479 22
665000 -42 11898.627075324972 -9486.172185974685 22
666000 -42 11914.976261485475 -9500.89305931458 21
667000 -42 11930.582302820501 -9514.944802048116 22
667533 -7
668000 -49 11946.931488981005 -9529.66567538801 23
669000 -49 11962.020846647787 -9547.023995733134 22
670000 -49 11976.454145285577 -9563.627606498036 22
671000 -49 11990.887443923368 -9580.231217262937 22
672000 -49 12005.320742561158 -9596.834828027839 21
673000 -49 12019.097982169958 -9612.683729212516 20
673805 7
674000 -42 12032.219162749769 -9627.777920816972 20
675000 -42 12047.082059259317 -9641.16053294415 20
676000 -42 12061.944955768866 -9654.543145071328 20
677000 -42 12076.807852278414 -9667.925757198505 20
678000 -42 12091.670748787963 -9681.308369325683 20
679000 -42 12106.533645297512 -9694.69098145286 20
679724 -8
680000 -50 12121.39654180706 -9708.073593580039 21
681000 -50 12134.895081610477 -9724.160526885536 20
682000 -50 12147.750833804208 -9739.481415747916 19
683000 -50 12159.963798388253 -9754.036260167177 18
684000 -50 12171.53397536261 -9767.82506014332 19
685000 -50 12183.746939946655 -9782.37990456258 20
686000 -50 12196.602692140386 -9797.70079342496 20
687000 -50 12209.458444334117 -9813.021682287339 21
688000 -50 12222.956984137534 -9829.108615592837 20
689000 -50 12235.812736331265 -9844.429504455216 19
690000 -50 12248.02570091531 -9858.984348874477 19
691000 -50 12260.238665499355 -9873.539193293738 19
692000 -50 12272.4516300834 -9888.094037713 19
693000 -50 12284.664594667445 -9902.64888213226 19
694000 -50 12296.87755925149 -9917.203726551521 20
695000 -50 12309.733311445221 -9932.5246154139 21
696000 -50 12323.231851248638 -9948.611548719398 20
697000 -50 12336.087603442369 -9963.932437581778 19
698000 -50 12348.300568026414 -9978.487282001039 18
699000 -50 12359.870745000771 -9992.276081977181 18
700000 -50 12371.440921975129 -10006.064881953323 17
701000 -50 12382.3683113398 -10019.087637486346 16
702000 -50 12392.652913094786 -10031.34434857625 16
703000 -50 12402.937514849771 -10043.601059666153 16
704000 -50 12413.222116604757 -10055.857770756056 16
705000 -50 12423.506718359742 -10068.11448184596 16
706000 -50 12433.791320114728 -10080.371192935863 16
707000 -50 12444.075921869713 -10092.627904025767 16
708000 -50 12454.360523624699 -10104.88461511567 15
709000 -50 12464.002337769996 -10116.375281762455 15
710000 -50 12473.644151915294 -10127.86594840924 14
711000 -50 12482.643178450906 -10138.590570612907 14
712000 -50 12491.642204986518 -10149.315192816573 14
713000 -50 12500.64123152213 -10160.03981502024 13
714000 -50 12508.997470448054 -10169.998392780786 13
715000 -50 12517.353709373978 -10179.956970541332 14
716000 -50 12526.35273590959 -10190.681592744999 15
717000 -50 12535.994550054887 -10202.172259391784 15
718000 -50 12545.636364200185 -10213.662926038569 14
719000 -50 12554.635390735797 -10224.387548242235 14
720000 -50 12563.634417271409 -10235.112170445902 15
721000 -50 12573.276231416707 -10246.602837092687 15
722000 -50 12582.918045562004 -10258.093503739472 14
723000 -50 12591.917072097616 -10268.818125943139 14
724000 -50 12600.916098633228 -10279.542748146805 13
725000 -50 12609.272337559152 -10289.501325907351 14
726000 -50 12618.271364094764 -10300.225948111018 13
727000 -50 12626.627603020688 -10310.184525871564 13
728000 -50 12634.983841946612 -10320.14310363211 13
729000 -50 12643.340080872536 -10330.101681392656 13
730000 -50 12651.69631979846 -10340.060259153202 13
731000 -50 12660.052558724385 -10350.018836913749 12
732000 -50 12667.766010040623 -10359.211370231176 11
733000 -50 12674.836673747175 -10367.637859105485 12
734000 -50 12682.550125063413 -10376.830392422913 12
735000 -50 12690.263576379652 -10386.02292574034 13
736000 -50 12698.619815305576 -10395.981503500887 13
737000 -50 12706.9760542315 -10405.940081261433 13
738000 -50 12715.332293157424 -10415.89865902198 12
738030 2
739000 -48 12723.045744473662 -10425.091192339407 12
740000 -48 12731.075311749968 -10434.008930245136 12
741000 -48 12739.104879026274 -10442.926668150865 13
742000 -48 12747.803576908938 -10452.587550882072 12
743000 -48 12755.833144185244 -10461.505288787801 11
744000 -48 12763.193580855192 -10469.679881868053 11
745000 -48 12770.554017525139 -10477.854474948304 10
746000 -48 12777.245323588728 -10485.285923203079 10
746593 7
747000 -41 12783.936629652317 -10492.717371457853 10
748000 -41 12791.483725454544 -10499.277961747757 10
749000 -41 12799.03082125677 -10505.838552037661 9
750000 -41 12805.823207478776 -10511.743083298576 8
751000 -41 12811.860884120559 -10516.9915555305 9
752000 -41 12818.653270342564 -10522.896086791414 9
753000 -41 12825.445656564569 -10528.800618052328 10
753933 -7
754000 -48 12832.992752366796 -10535.361208342232 9
755000 -48 12839.014927824026 -10542.049511771529 9
756000 -48 12845.037103281256 -10548.737815200826 9
757000 -48 12851.059278738487 -10555.426118630123 10
758000 -48 12857.750584802076 -10562.857566884897 10
759000 -48 12864.441890865664 -10570.289015139671 10
760000 -48 12871.133196929253 -10577.720463394446 9
761000 -48 12877.155372386484 -10584.408766823743 10
762000 -48 12883.846678450072 -10591.840215078517 10
763000 -48 12890.537984513661 -10599.271663333291 11
764000 -48 12897.898421183609 -10607.446256413543 12
765000 -48 12905.927988459915 -10616.363994319272 12
766000 -48 12913.95755573622 -10625.281732225001 12
767000 -48 12921.987123012526 -10634.19947013073 11
768000 -48 12929.347559682474 -10642.374063210982 11
769000 -48 12936.707996352421 -10650.548656291234 10
770000 -48 12943.39930241601 -10657.980104546008 11
771000 -48 12950.759739085957 -10666.15469762626 11
772000 -48 12958.120175755905 -10674.329290706512 11
773000 -48 12965.480612425852 -10682.503883786763 11
774000 -48 12972.8410490958 -10690.678476867015 11
775000 -48 12980.201485765747 -10698.853069947267 11
776000 -48 12987.561922435694 -10707.027663027518 10
777000 -48 12994.253228499283 -10714.459111282293 9
778000 -48 13000.275403956513 -10721.14741471159 9
779000 -48 13006.297579413744 -10727.835718140886 8
780000 -48 13011.650624264614 -10733.780876744706 7
781000 -48 13016.334538509125 -10738.982890523048 6
782000 -48 13020.349322147278 -10743.441759475912 6
783000 -48 13024.364105785431 -10747.900628428777 6
784000 -48 13028.378889423584 -10752.359497381642 5
785000 -48 13031.724542455378 -10756.075221509029 5
786000 -48 13035.070195487173 -10759.790945636416 5
787000 -48 13038.415848518967 -10763.506669763803 6
788000 -48 13042.43063215712 -10767.965538716668 6
789000 -48 13046.445415795273 -10772.424407669532 6
790000 -48 13050.460199433426 -10776.883276622397 5
791000 -48 13053.80585246522 -10780.599000749784 6
792000 -48 13057.820636103374 -10785.057869702649 5
793000 -48 13061.166289135168 -10788.773593830036 6
794000 -48 13065.181072773321 -10793.2324627829 5
795000 -48 13068.526725805115 -10796.948186910287 5
796000 -48 13071.87237883691 -10800.663911037675 5
797000 -48 13075.218031868704 -10804.379635165062 5
798000 -48 13078.563684900499 -10808.095359292449 5
799000 -48 13081.909337932293 -10811.811083419836 5
800000 -48 13085.254990964087 -10815.526807547223 5
801000 -48 13088.600643995882 -10819.24253167461 5
802000 -48 13091.946297027676 -10822.958255801997 5
803000 -48 13095.29195005947 -10826.673979929385 5
803031 -7
804000 -55 13098.637603091265 -10830.389704056772 6
805000 -55 13102.079061709372 -10835.304616322506 6
806000 -55 13105.520520327478 -10840.21952858824 6
807000 -55 13108.961978945585 -10845.134440853975 6
808000 -55 13112.403437563691 -10850.04935311971 5
809000 -55 13115.271319745447 -10854.145113341156 5
810000 -55 13118.139201927203 -10858.240873562601 5
811000 -55 13121.007084108958 -10862.336633784047 6
812000 -55 13124.448542727065 -10867.251546049782 7
813000 -55 13128.463577781522 -10872.985610359805 7
814000 -55 13132.47861283598 -10878.719674669828 6
815000 -55 13135.920071454086 -10883.634586935563 6
816000 -55 13139.361530072192 -10888.549499201297 6
817000 -55 13142.802988690299 -10893.464411467032 6
818000 -55 13146.244447308405 -10898.379323732766 6
819000 -55 13149.685905926512 -10903.2942359985 6
820000 -55 13153.127364544618 -10908.209148264235 5
821000 -55 13155.995246726374 -10912.304908485681 5
822000 -55 13158.86312890813 -10916.400668707127 5
823000 -55 13161.731011089885 -10920.496428928573 5
824000 -55 13164.598893271641 -10924.592189150018 5
825000 -55 13167.466775453397 -10928.687949371464 5
826000 -55 13170.334657635152 -10932.78370959291 6
826710 8
827000 -47 13173.776116253259 -10937.698621858644 5
828000 -47 13177.186108053571 -10941.35539036674 5
829000 -47 13180.596099853883 -10945.012158874835 5
830000 -47 13184.006091654195 -10948.66892738293 5
831000 -47 13187.416083454507 -10952.325695891026 5
831776 -4
832000 -51 13190.82607525482 -10955.982464399121 5
833000 -51 13193.97267721007 -10959.868194206407 5
834000 -51 13197.11927916532 -10963.753924013692 5
834443 -2
835000 -53 13200.26588112057 -10967.639653820977 5
836000 -53 13203.27495623633 -10971.632831371215 6
837000 -53 13206.885846375242 -10976.424644431498 6
838000 -53 13210.496736514155 -10981.21645749178 6
839000 -53 13214.107626653067 -10986.008270552064 7
840000 -53 13218.320331815132 -10991.598719122394 6
841000 -53 13221.931221954044 -10996.390532182677 6
841875 -6
842000 -59 13225.542112092957 -11001.18234524296 5
843000 -59 13228.117302467506 -11005.46818174647 5
844000 -59 13230.692492842056 -11009.75401824998 5
845000 -59 13233.267683216605 -11014.03985475349 5
846000 -59 13235.842873591155 -11018.325691257 5
847000 -59 13238.418063965704 -11022.61152776051 6
847097 -7
848000 -66 13241.508292415165 -11027.754531564722 7
849000 -66 13244.355448916695 -11034.14934976822 6
850000 -66 13246.795868775149 -11039.630622514076 7
851000 -66 13249.643025276679 -11046.025440717574 7
852000 -66 13252.490181778208 -11052.420258921073 7
853000 -66 13255.337338279738 -11058.815077124571 6
854000 -66 13257.777758138192 -11064.296349870427 6
855000 -66 13260.218177996647 -11069.777622616282 5
856000 -66 13262.251861212026 -11074.345349904495 5
857000 -66 13264.285544427405 -11078.913077192708 5
858000 -66 13266.319227642784 -11083.480804480922 5
859000 -66 13268.352910858162 -11088.048531769135 6
860000 -66 13270.793330716617 -11093.52980451499 7
861000 -66 13273.640487218147 -11099.924622718489 7
862000 -66 13276.487643719676 -11106.319440921987 7
863000 -66 13279.334800221206 -11112.714259125485 7
864000 -66 13282.181956722736 -11119.109077328983 7
865000 -66 13285.029113224266 -11125.503895532482 7
866000 -66 13287.876269725795 -11131.89871373598 7
867000 -66 13290.723426227325 -11138.293531939478 7
868000 -66 13293.570582728855 -11144.688350142977 8
869000 -66 13296.824475873462 -11151.996713804117 9
870000 -66 13300.485105661144 -11160.218622922901 10
871000 -66 13304.552472091902 -11169.354077499327 10
872000 -66 13308.61983852266 -11178.489532075753 10
873000 -66 13312.687204953418 -11187.62498665218 10
874000 -66 13316.754571384176 -11196.760441228605 10
875000 -66 13320.821937814933 -11205.895895805032 10
876000 -66 13324.889304245691 -11215.031350381458 10
877000 -66 13328.956670676449 -11224.166804957884 9
878000 -66 13332.617300464131 -11232.388714076667 9
879000 -66 13336.277930251814 -11240.61062319545 8
880000 -66 13339.53182339642 -11247.918986856592 7
881000 -66 13342.37897989795 -11254.31380506009 8
881192 4
882000 -62 13345.632873042558 -11261.622168721231 7
883000 -62 13348.919173982058 -11267.802801871243 7
884000 -62 13352.205474921559 -11273.983435021255 6
885000 -62 13355.022304298274 -11279.28112057841 7
886000 -62 13358.308605237775 -11285.461753728421 7
887000 -62 13361.594906177275 -11291.642386878433 8
888000 -62 13365.350678679562 -11298.705967621305 9
889000 -62 13369.575922744636 -11306.652495957034 8
890000 -62 13373.331695246923 -11313.716076699906 7
891000 -62 13376.617996186424 -11319.896709849918 8
892000 -62 13380.37376868871 -11326.96029059279 8
893000 -62 13384.129541190998 -11334.023871335661 8
894000 -62 13387.885313693285 -11341.087452078533 8
895000 -62 13391.641086195572 -11348.151032821404 7
895889 5
896000 -57 13394.927387135072 -11354.331665971416 7
897000 -57 13398.739860380178 -11360.202359947034 8
898000 -57 13403.096972660298 -11366.911724490597 8
899000 -57 13407.454084940418 -11373.62108903416 7
900000 -57 13411.266558185524 -11379.491783009778 6
901000 -57 13414.534392395613 -11384.52380641745 6
902000 -57 13417.802226605703 -11389.555829825122 6
903000 -57 13421.070060815793 -11394.587853232793 6
904000 -57 13424.337895025883 -11399.619876640465 6
905000 -57 13427.605729235973 -11404.651900048137 6
906000 -57 13430.873563446063 -11409.683923455808 7
907000 -57 13434.686036691168 -11415.554617431426 6
908000 -57 13437.953870901258 -11420.586640839098 7
909000 -57 13441.766344146363 -11426.457334814715 8
910000 -57 13446.123456426483 -11433.166699358278 9
910805 -6
911000 -63 13451.025207741619 -11440.714734469788 8
912000 -63 13454.657131739536 -11447.842786663296 9
913000 -63 13458.743046237192 -11455.86184538099 9
914000 -63 13462.828960734849 -11463.880904098685 8
915000 -63 13466.460884732765 -11471.008956292193 7
915683 6
916000 -57 13469.638818230942 -11477.246001961512 6
917000 -57 13472.906652441032 -11482.278025369184 5
918000 -57 13475.629847616106 -11486.471378208911 5
919000 -57 13478.353042791181 -11490.664731048639 5
919935 3
920000 -54 13481.076237966256 -11494.858083888366 5
921000 -54 13484.015164227718 -11498.90316886024 5
922000 -54 13486.95409048918 -11502.948253832115 5
922091 -4
923000 -58 13489.893016750642 -11506.99333880399 5
924000 -58 13492.542613071808 -11511.233579284772 5
925000 -58 13495.192209392973 -11515.473819765553 6
926000 -58 13498.371724978373 -11520.562108342492 5
927000 -58 13501.021321299539 -11524.802348823274 6
928000 -58 13504.200836884938 -11529.890637400213 6
929000 -58 13507.380352470338 -11534.978925977151 5
930000 -58 13510.029948791504 -11539.219166457933 5
931000 -58 13512.679545112669 -11543.459406938715 6
932000 -58 13515.859060698069 -11548.547695515654 7
933000 -58 13519.5684955477 -11554.48403218875 7
934000 -58 13523.277930397333 -11560.420368861845 7
935000 -58 13526.987365246965 -11566.356705534941 7
936000 -58 13530.696800096597 -11572.293042208037 7
937000 -58 13534.40623494623 -11578.229378881133 6
938000 -58 13537.585750531629 -11583.317667458072 5
939000 -58 13540.235346852794 -11587.557907938854 5
940000 -58 13542.88494317396 -11591.798148419635 5
941000 -58 13545.534539495126 -11596.038388900417 5
942000 -58 13548.184135816291 -11600.278629381199 5
943000 -58 13550.833732137457 -11604.51886986198 5
944000 -58 13553.483328458622 -11608.759110342762 5
945000 -58 13556.132924779788 -11612.999350823544 5
946000 -58 13558.782521100953 -11617.239591304326 5
947000 -58 13561.432117422119 -11621.479831785107 5
947626 -2
948000 -60 13564.081713743284 -11625.720072265889 5
949000 -60 13566.581713743284 -11630.050199284811 5
950000 -60 13569.081713743284 -11634.380326303733 5
951000 -60 13571.581713743284 -11638.710453322656 6
952000 -60 13574.581713743284 -11643.906605745362 5
953000 -60 13577.081713743284 -11648.236732764284 5
954000 -60 13579.581713743284 -11652.566859783206 5
955000 -60 13582.081713743284 -11656.896986802129 5
956000 -60 13584.581713743284 -11661.22711382105 5
957000 -60 13587.081713743284 -11665.557240839973 5
958000 -60 13589.581713743284 -11669.887367858895 5
959000 -60 13592.081713743284 -11674.217494877817 6
960000 -60 13595.081713743284 -11679.413647300524 6
961000 -60 13598.081713743284 -11684.60979972323 7
962000 -60 13601.581713743284 -11690.67197754972 7
963000 -60 13605.081713743284 -11696.73415537621 7
964000 -60 13608.581713743284 -11702.796333202701 6
965000 -60 13611.581713743284 -11707.992485625407 5
966000 -60 13614.081713743284 -11712.32261264433 5
967000 -60 13616.581713743284 -11716.652739663252 5
967141 2
968000 -58 13619.081713743284 -11720.982866682174 5
969000 -58 13621.73131006445 -11725.223107162956 5
969240 -9
970000 -67 13624.380906385615 -11729.463347643738 5
971000 -67 13626.334562028062 -11734.065871911 6
972000 -67 13628.678948798997 -11739.588901031715 6
972526 -7
973000 -74 13631.023335569933 -11745.11193015243 5
974000 -74 13632.401522349019 -11749.918238632123 5
975000 -74 13633.779709128105 -11754.724547111815 6
976000 -74 13635.433533263007 -11760.492117287446 6
977000 -74 13637.08735739791 -11766.259687463076 7
978000 -74 13639.01681888863 -11772.988519334645 6
979000 -74 13640.670643023532 -11778.756089510276 6
980000 -74 13642.324467158434 -11784.523659685907 5
981000 -74 13643.70265393752 -11789.329968165599 5
982000 -74 13645.080840716606 -11794.136276645291 6
983000 -74 13646.734664851509 -11799.903846820922 6
984000 -74 13648.388488986411 -11805.671416996553 7
985000 -74 13650.31795047713 -11812.400248868122 7
986000 -74 13652.24741196785 -11819.12908073969 8
987000 -74 13654.452510814386 -11826.819174307197 9
988000 -74 13656.93324701674 -11835.47052957064 10
988084 9
989000 -65 13659.689620574909 -11845.083146530023 10
989221 -6
990000 -71 13663.915803192316 -11854.14622440039 9
991000 -71 13666.84591658243 -11862.655891580784 8
992000 -71 13669.450461818087 -11870.220040185579 7
993000 -71 13671.729438899287 -11876.838670214775 8
994000 -71 13674.333984134944 -11884.40281881957 9
995000 -71 13677.264097525058 -11892.912485999963 9
996000 -71 13680.194210915171 -11901.422153180356 9
997000 -71 13683.124324305285 -11909.931820360749 10
998000 -71 13686.380005849856 -11919.387006116742 10
999000 -71 13689.635687394428 -11928.842191872734 11
