1000 198 584.4894348370485 708.9098300562505 10
1504 -4
2000 202 574.978869674097 705.819660112501 9
3000 202 566.6342149829959 702.4482007717578 8
4000 202 559.2167441464616 699.4513480244304 8
5000 202 551.7992733099272 696.4544952771031 8
6000 202 544.3818024733929 693.4576425297757 9
7000 202 536.0371477822918 690.0861831890326 8
8000 202 528.6196769457574 687.0893304417052 8
9000 202 521.2022061092231 684.0924776943779 8
10000 202 513.7847352726887 681.0956249470505 7
11000 202 507.2944482907212 678.4733787931391 8
12000 202 499.87697745418694 675.4765260458117 8
12929 -9
13000 211 492.45950661765266 672.4796732984844 9
14000 211 484.74500091133365 667.8443306242939 10
15000 211 476.17332790431254 662.6939498751933 9
16000 211 468.4588221979935 658.0586072010028 8
17000 211 461.60148379237665 653.9383026017224 7
18000 211 455.60131268746187 650.3330360773521 8
19000 211 448.743974281845 646.2127314780716 7
20000 211 442.7438031769302 642.6074649537013 7
21000 211 436.74363207201543 639.002198429331 7
22000 211 430.74346096710065 635.3969319049606 6
23000 211 425.60045716288795 632.3067034555003 6
23755 9
24000 202 420.45745335867525 629.2164750060399 5
25000 202 415.82153408584134 627.3434420389603 6
25895 -8
26000 210 410.2584309584406 625.0958024784649 5
27000 210 405.9283039395184 622.5958024784649 5
28000 210 401.5981769205962 620.0958024784649 5
29000 210 397.268049901674 617.5958024784649 6
30000 210 392.07189747896734 614.5958024784649 5
31000 210 387.74177046004513 612.0958024784649 5
32000 210 383.4116434411229 609.5958024784649 5
33000 210 379.0815164222007 607.0958024784649 6
34000 210 373.8853639994941 604.0958024784649 6
35000 210 368.68921157678744 601.0958024784649 5
36000 210 364.35908455786523 598.5958024784649 5
37000 210 360.028957538943 596.0958024784649 5
38000 210 355.6988305200208 593.5958024784649 5
39000 210 351.3687035010986 591.0958024784649 5
40000 210 347.0385764821764 588.5958024784649 5
41000 210 342.70844946325417 586.0958024784649 6
42000 210 337.51229704054754 583.0958024784649 7
43000 210 331.4501192140565 579.5958024784649 8
44000 210 324.52191598378096 575.5958024784649 8
44478 -8
45000 218 317.59371275350543 571.5958024784649 8
45639 -9
46000 227 311.28962672465167 566.6705106758596 8
47000 227 305.83363984415166 560.8196810629063 9
48000 227 299.69565460358916 554.2374977483338 9
49000 227 293.55766936302666 547.6553144337613 8
50000 227 288.10168248252666 541.8044848208079 7
51000 227 283.32769396208914 536.6850089094737 8
52000 227 277.87170708158914 530.8341792965203 7
53000 227 273.0977185611516 525.7147033851861 8
54000 227 267.6417316806516 519.8638737722328 9
54155 2
55000 225 261.5037464400891 513.2816904576603 8
56000 225 255.84689219059675 507.6248362081679 8
57000 225 250.19003794110438 501.9679819586755 9
58000 225 243.82607691042546 495.6040209279966 10
59000 225 236.75500909855998 488.5329531161311 11
60000 225 228.97683450550795 480.7547785230791 12
61000 225 220.49155313126937 472.2694971488405 11
62000 225 212.71337853821734 464.4913225557885 12
63000 225 204.22809716397876 456.0060411815499 12
64000 225 195.74281578974018 447.5207598073113 11
65000 225 187.96464119668815 439.7425852142593 11
65112 -8
66000 233 180.18646660363612 431.96441062120726 12
67000 233 172.96468632581153 422.3807845006398 12
68000 233 165.74290604798693 412.7971583800723 12
69000 233 158.52112577016234 403.2135322595048 12
70000 233 151.29934549233775 393.6299061389373 11
71000 233 144.6793802376652 384.8449155284171 11
72000 233 138.05941498299268 376.0599249178969 10
73000 233 132.0412647514722 368.073569817424 10
73807 -8
74000 241 126.02311451995172 360.0872147169511 11
75000 241 120.69020869724201 350.46639793841774 11
76000 241 115.35730287453231 340.8455811598844 11
77000 241 110.0243970518226 331.224764381351 11
78000 241 104.6914912291129 321.60394760281764 12
79000 241 98.87377578615686 311.1085111171449 13
80000 241 92.57125072295447 299.7384549243327 12
81000 241 86.75353527999843 289.24301843865993 11
82000 241 81.42062945728873 279.62220166012656 11
83000 241 76.08772363457902 270.0013848815932 12
84000 241 70.27000819162298 259.5059483959204 12
85000 241 64.45229274866693 249.0105119102477 11
86000 241 59.11938692595723 239.38969513171432 11
87000 241 53.786481103247525 229.76887835318095 11
88000 241 48.45357528053782 220.14806157464758 11
89000 241 43.120669457828114 210.52724479611422 11
90000 241 37.78776363511841 200.90642801758085 10
91000 241 32.93966743265504 192.16023094618689 10
92000 241 28.091571230191676 183.41403387479292 9
93000 241 23.728284647974643 175.54245651053836 9
94000 241 19.36499806575761 167.6708791462838 10
95000 241 14.516901863294242 158.92468207488983 10
96000 241 9.668805660830873 150.17848500349587 10
96588 -6
97000 247 4.820709458367505 141.4322879321019 11
98000 247 0.5226670449854929 131.30673454412505 11
99000 247 -3.775375368396519 121.1811811561482 11
100000 247 -8.07341778177853 111.05562776817135 11
101000 247 -12.371460195160543 100.9300743801945 10
102000 247 -16.27877148005328 91.72502584567009 10
103000 247 -20.18608276494602 82.51997731114568 9
104000 247 -23.702662921349482 74.23543363007371 8
105000 247 -26.82851194926367 66.87139480245419 7
106000 247 -29.56362984868859 60.42786082828711 8
107000 247 -32.68947887660278 53.063822000667585 7
108000 247 -35.42459677602769 46.6202880265005 7
109000 247 -38.159714675452605 40.17675405233342 7
110000 247 -40.89483257487752 33.73322007816634 8
111000 247 -44.02068160279171 26.369181250546816 8
112000 247 -47.146530630705904 19.005142422927293 7
113000 247 -49.88164853013082 12.56160844876021 7
114000 247 -52.61676642955573 6.118074474593129 7
115000 247 -55.351884328980645 -0.32545949957395237 7
116000 247 -58.08700222840556 -6.768993473741034 7
117000 247 -60.82212012783047 -13.212527447908116 7
117357 -5
118000 252 -63.55723802725539 -19.656061422075197 6
119000 252 -65.41133999350507 -25.36240051984612 6
120000 252 -67.26544195975475 -31.06873961761704 5
121000 252 -68.8105269316295 -35.82402219909281 6
122000 252 -70.66462889787918 -41.53036129686373 6
123000 252 -72.51873086412887 -47.23670039463465 7
123824 7
124000 245 -74.6818498247535 -53.89409600870073 7
125000 245 -77.64017765693839 -60.238250517957276 7
126000 245 -80.59850548912328 -66.58240502721382 7
127000 245 -83.55683332130818 -72.92655953647036 7
128000 245 -86.51516115349307 -79.27071404572692 7
129000 245 -89.47348898567796 -85.61486855498347 7
130000 245 -92.43181681786285 -91.95902306424003 8
130390 9
131000 236 -95.81276291178845 -99.20948536053322 8
132000 236 -100.28630613955443 -105.84178594097355 8
133000 236 -104.7598493673204 -112.47408652141388 8
134000 236 -109.23339259508637 -119.10638710185421 7
135000 236 -113.1477429193816 -124.9096501097395 6
136000 236 -116.50290034020608 -129.88387554506974 7
137000 236 -120.41725066450131 -135.68713855295502 7
138000 236 -124.33160098879654 -141.4904015608403 8
139000 236 -128.80514421656252 -148.12270214128063 8
140000 236 -133.2786874443285 -154.75500272172096 9
141000 236 -138.31142357556524 -162.21634087471634 10
142000 236 -143.90335261027272 -170.50671660026674 11
143000 236 -150.05447454845094 -179.6261298983722 11
144000 236 -156.20559648662916 -188.74554319647766 11
145000 236 -162.35671842480738 -197.8649564945831 10
146000 236 -167.94864745951486 -206.15533222013352 10
147000 236 -173.54057649422234 -214.44570794568392 10
148000 236 -179.1325055289298 -222.73608367123433 9
149000 236 -184.16524166016654 -230.1974218242297 9
150000 236 -189.19797779140328 -237.6587599772251 9
151000 236 -194.23071392264 -245.12009813022047 9
152000 236 -199.26345005387674 -252.58143628321585 8
153000 236 -203.73699328164273 -259.2137368636562 8
154000 236 -208.2105365094087 -265.84603744409657 7
155000 236 -212.12488683370395 -271.64930045198184 7
155291 4
156000 232 -216.0392371579992 -277.4525634598671 8
157000 232 -220.96452896060447 -283.7566494887209 8
158000 232 -225.88982076320974 -290.06073551757464 7
159000 232 -230.19945109048933 -295.5768107928217 7
160000 232 -234.50908141776893 -301.0928860680687 8
161000 232 -239.4343732203742 -307.39697209692247 7
162000 232 -243.7440035476538 -312.9130473721695 7
163000 232 -248.05363387493338 -318.42912264741653 7
164000 232 -252.36326420221297 -323.94519792266357 7
165000 232 -256.67289452949257 -329.4612731979106 6
166000 232 -260.36686338144654 -334.1893377195509 6
167000 232 -264.0608322334005 -338.9174022411912 7
168000 232 -268.3704625606801 -344.43347751643824 6
169000 232 -272.06443141263406 -349.16154203807855 6
170000 232 -275.75840026458803 -353.88960655971886 5
171000 232 -278.8367076412163 -357.8296603277525 5
172000 232 -281.9150150178446 -361.7697140957861 6
173000 232 -285.6089838697986 -366.49777861742643 6
174000 232 -289.30295272175255 -371.22584313906674 6
175000 232 -292.9969215737065 -375.95390766070705 6
176000 232 -296.6908904256605 -380.68197218234735 6
177000 232 -300.38485927761445 -385.41003670398766 6
177037 4
178000 228 -304.0788281295684 -390.13810122562796 6
179000 228 -308.0936117677216 -394.5969701784923 6
180000 228 -312.1083954058748 -399.05583913135666 6
181000 228 -316.12317904402795 -403.514708084221 7
182000 228 -320.80709328853993 -408.7167218625628 6
183000 228 -324.8218769266931 -413.17559081542714 5
184000 228 -328.1675299584874 -416.8913149428141 5
185000 228 -331.51318299028173 -420.6070390702011 5
186000 228 -334.85883602207605 -424.3227631975881 5
187000 228 -338.20448905387036 -428.03848732497505 5
188000 228 -341.5501420856647 -431.75421145236203 5
189000 228 -344.895795117459 -435.469935579749 5
190000 228 -348.2414481492533 -439.185659707136 5
190410 -7
191000 235 -351.5871011810476 -442.90138383452296 5
192000 235 -354.45498336280286 -446.9971440559679 5
193000 235 -357.3228655445581 -451.09290427741286 6
194000 235 -360.76432416266437 -456.0078165431468 5
194082 -5
195000 240 -363.6322063444196 -460.10357676459176 5
196000 240 -366.1322063444196 -464.433703783514 5
197000 240 -368.6322063444196 -468.7638308024362 5
198000 240 -371.1322063444196 -473.0939578213584 5
199000 240 -373.6322063444196 -477.4240848402806 6
200000 240 -376.6322063444196 -482.62023726298725 6
201000 240 -379.6322063444196 -487.8163896856939 6
202000 240 -382.6322063444196 -493.0125421084005 7
203000 240 -386.1322063444196 -499.07471993489156 7
204000 240 -389.6322063444196 -505.1368977613826 8
205000 240 -393.6322063444196 -512.0651009916581 8
205397 4
206000 236 -397.6322063444196 -518.9933042219336 9
207000 236 -402.66494247565635 -526.454642374929 8
208000 236 -407.1384857034223 -533.0869429553693 8
209000 236 -411.61202893118826 -539.7192435358096 8
210000 236 -416.0855721589542 -546.3515441162499 7
211000 236 -419.99992248324946 -552.1548071241352 7
211294 7
212000 229 -423.9142728075447 -557.9580701320206 7
213000 229 -428.50668601047823 -563.2410371935799 8
214000 229 -433.7551582424023 -569.278713835362 8
215000 229 -439.0036304743263 -575.3163904771442 8
216000 229 -444.25210270625035 -581.3540671189263 9
217000 229 -450.1566339671649 -588.1464533409312 8
218000 229 -455.40510619908895 -594.1841299827133 8
218300 9
219000 220 -460.653578431013 -600.2218066244955 7
220000 220 -466.01588953284585 -604.7213198923013 8
221000 220 -472.1442450777977 -609.8636207697936 8
222000 220 -478.2726006227495 -615.0059216472858 7
223000 220 -483.63491172458237 -619.5054349150917 7
224000 220 -488.9972228264152 -624.0049481828975 8
225000 220 -495.12557837136706 -629.1472490603898 7
226000 220 -500.4878894731999 -633.6467623281956 8
227000 220 -506.61624501815174 -638.7890632056879 7
228000 220 -511.9785561199846 -643.2885764734937 6
229000 220 -516.5748227786985 -647.1453021316129 7
230000 220 -521.9371338805313 -651.6448153994187 6
231000 220 -526.5334005392451 -655.5015410575379 6
232000 220 -531.129667197959 -659.3582667156571 5
233000 220 -534.9598894135538 -662.5722047640899 5
234000 220 -538.7901116291487 -665.7861428125226 5
235000 220 -542.6203338447435 -669.0000808609553 6
236000 220 -547.2166005034574 -672.8568065190746 7
237000 220 -552.5789116052902 -677.3563197868804 7
238000 220 -557.941222707123 -681.8558330546862 8
238895 6
239000 214 -564.0695782520747 -686.9981339321785 9
240000 214 -571.5309164050701 -692.0308700634151 9
241000 214 -578.9922545580655 -697.0636061946518 9
241196 5
242000 209 -586.4535927110609 -702.0963423258885 8
243000 209 -593.4505503681761 -705.9748192878592 9
244000 209 -601.3221277324307 -710.3381058700762 9
245000 209 -609.1937050966852 -714.7013924522932 8
246000 209 -616.1906627538004 -718.579869414264 7
247000 209 -622.3130007037762 -721.9735367559883 8
248000 209 -629.3099583608914 -725.852013717959 7
249000 209 -635.4322963108672 -729.2456810596834 7
250000 209 -641.5546342608429 -732.6393484014078 8
250757 -8
251000 217 -648.5515919179581 -736.5178253633785 7
252000 217 -654.1420404882892 -740.7305305254429 7
253000 217 -659.7324890586203 -744.9432356875072 8
254000 217 -666.1215731389987 -749.7577558727236 7
255000 217 -671.7120217093297 -753.970461034788 8
256000 217 -678.1011057897081 -758.7849812200043 8
257000 217 -684.4901898700864 -763.5995014052206 8
258000 217 -690.8792739504647 -768.414021590437 8
259000 217 -697.268358030843 -773.2285417756533 8
259584 -4
260000 221 -703.6574421112214 -778.0430619608696 8
261000 221 -709.6951187530035 -783.2915341927937 7
262000 221 -714.9780858145629 -787.8839473957273 7
263000 221 -720.2610528761222 -792.4763605986609 8
264000 221 -726.2987295179043 -797.724832830585 8
265000 221 -732.3364061596865 -802.9733050625091 9
266000 221 -739.1287923816914 -808.8778363234237 9
266898 8
267000 213 -745.9211786036963 -814.7823675843383 9
268000 213 -753.4692137152051 -819.6841188994736 9
269000 213 -761.017248826714 -824.5858702146088 8
270000 213 -767.7266133702774 -828.942982494729 9
271000 213 -775.2746484817862 -833.8447338098642 9
272000 213 -782.8226835932951 -838.7464851249995 9
273000 213 -790.370718704804 -843.6482364401347 9
274000 213 -797.9187538163128 -848.54998775527 10
275000 213 -806.3054594957671 -853.9963781054203 10
276000 213 -814.6921651752214 -859.4427684555706 11
277000 213 -823.9175414226211 -865.4337978407359 12
278000 213 -833.9815882379662 -871.9694662609162 12
278760 -9
279000 222 -844.0456350533113 -878.5051346810965 13
280000 222 -853.7065177845175 -887.2038325637616 13
281000 222 -863.3674005157236 -895.9025304464267 13
282000 222 -873.0282832469297 -904.6012283290918 13
283000 222 -882.6891659781359 -913.2999262117569 12
283254 -8
284000 230 -891.6069038838646 -921.3294934880632 12
285000 230 -899.320355200103 -930.522026805491 13
286000 230 -907.676594126028 -940.4806045660378 14
287000 230 -916.6756206616395 -951.2052267697035 14
288000 230 -925.674647197251 -961.9298489733692 14
289000 230 -934.6736737328625 -972.6544711770349 13
290000 230 -943.0299126587876 -982.6130489375817 12
291000 230 -950.743363975026 -991.8055822550094 12
292000 230 -958.4568152912644 -1000.9981155724372 12
293000 230 -966.1702666075029 -1010.190648889865 11
294000 230 -973.2409303140548 -1018.6171377641738 11
295000 230 -980.3115940206068 -1027.0436266384825 12
296000 230 -988.0250453368452 -1036.2361599559101 12
297000 230 -995.7384966530836 -1045.4286932733378 13
298000 230 -1004.0947355790087 -1055.3872710338844 13
299000 230 -1012.4509745049337 -1065.345848794431 14
300000 230 -1021.4500010405452 -1076.0704709980967 15
301000 230 -1031.0918151858432 -1087.5611376448812 16
302000 230 -1041.3764169408278 -1099.8178487347848 15
303000 230 -1051.0182310861258 -1111.3085153815694 15
303564 8
304000 222 -1060.6600452314237 -1122.799182028354 14
305000 222 -1071.0640727881073 -1132.167010517378 14
306000 222 -1081.4681003447909 -1141.534839006402 14
307000 222 -1091.8721279014744 -1150.9026674954262 14
308000 222 -1102.276155458158 -1160.2704959844502 14
309000 222 -1112.6801830148415 -1169.6383244734743 14
310000 222 -1123.084210571525 -1179.0061529624984 15
311000 222 -1134.231382953686 -1189.0431120578812 14
312000 222 -1144.6354105103696 -1198.4109405469053 14
313000 222 -1155.0394380670532 -1207.7787690359294 14
314000 222 -1165.4434656237368 -1217.1465975249534 13
315000 222 -1175.1043483549429 -1225.8452954076186 14
315657 -9
316000 231 -1185.5083759116264 -1235.2131238966426 14
316241 2
317000 229 -1194.3188613863242 -1246.0931673570403 15
318000 229 -1204.159746821182 -1257.413811060382 15
319000 229 -1214.0006322560396 -1268.7344547637235 15
320000 229 -1223.8415176908973 -1280.0550984670651 15
321000 229 -1233.682403125755 -1291.3757421704067 15
322000 229 -1243.5232885606126 -1302.6963858737483 15
323000 229 -1253.3641739954703 -1314.01702957709 15
324000 229 -1263.205059430328 -1325.3376732804315 15
325000 229 -1273.0459448651857 -1336.6583169837731 14
326000 229 -1282.2307712710528 -1347.2242511068919 13
327000 229 -1290.7595386479295 -1357.035475649788 14
328000 229 -1299.9443650537967 -1367.6014097729067 14
329000 229 -1309.1291914596638 -1378.1673438960254 13
330000 229 -1317.6579588365405 -1387.9785684389215 13
331000 229 -1326.1867262134172 -1397.7897929818175 14
332000 229 -1335.3715526192843 -1408.3557271049362 14
333000 229 -1344.5563790251515 -1418.921661228055 14
334000 229 -1353.7412054310187 -1429.4875953511737 14
335000 229 -1362.9260318368858 -1440.0535294742924 15
336000 229 -1372.7669172717435 -1451.374173177634 15
337000 229 -1382.6078027066012 -1462.6948168809756 14
338000 229 -1391.7926291124684 -1473.2607510040943 15
339000 229 -1401.633514547326 -1484.581394707436 15
340000 229 -1411.4743999821837 -1495.9020384107775 16
341000 229 -1421.971344446032 -1507.9773916943418 17
342000 229 -1433.1243479388706 -1520.807454558129 17
343000 229 -1444.2773514317093 -1533.637517421916 17
344000 229 -1455.430354924548 -1546.4675802857032 17
345000 229 -1466.5833584173868 -1559.2976431494903 17
346000 229 -1477.7363619102255 -1572.1277060132775 17
347000 229 -1488.8893654030642 -1584.9577688770646 18
348000 229 -1500.6984279248934 -1598.5425413210744 18
349000 229 -1512.5074904467226 -1612.1273137650842 17
350000 229 -1523.6604939395613 -1624.9573766288713 17
351000 229 -1534.8134974324 -1637.7874394926585 16
352000 229 -1545.3104418962482 -1649.8627927762227 16
353000 229 -1555.8073863600964 -1661.938146059787 17
354000 229 -1566.9603898529351 -1674.768208923574 16
355000 229 -1577.4573343167833 -1686.8435622071383 16
356000 229 -1587.9542787806315 -1698.9189154907026 15
357000 229 -1597.7951642154892 -1710.2395591940442 15
357290 -2
358000 231 -1607.6360496503469 -1721.5602028973858 15
359000 231 -1617.0758555160944 -1733.2173923192404 15
360000 231 -1626.515661381842 -1744.874581741095 15
360880 7
361000 224 -1635.9554672475895 -1756.5317711629496 15
362000 224 -1646.7455642526693 -1766.9516467198346 15
363000 224 -1657.535661257749 -1777.3715222767196 14
364000 224 -1667.6064184624902 -1787.0967394631455 14
365000 224 -1677.6771756672313 -1796.8219566495713 14
366000 224 -1687.7479328719724 -1806.5471738359972 14
367000 224 -1697.8186900767134 -1816.272391022423 14
368000 224 -1707.8894472814545 -1825.997608208849 14
369000 224 -1717.9602044861956 -1835.7228253952749 14
370000 224 -1728.0309616909367 -1845.4480425817007 14
371000 224 -1738.1017188956778 -1855.1732597681266 14
372000 224 -1748.1724761004189 -1864.8984769545525 13
373000 224 -1757.5238935048212 -1873.9290357705195 12
374000 224 -1766.155971108885 -1882.2649362160275 11
375000 224 -1774.0687089126102 -1889.9061782910765 10
376000 224 -1781.2621069159968 -1896.8527619956665 10
377000 224 -1788.4555049193834 -1903.7993457002565 11
378000 224 -1796.3682427231086 -1911.4405877753054 12
379000 224 -1805.0003203271724 -1919.7764882208135 12
380000 224 -1813.6323979312363 -1928.1123886663215 12
381000 224 -1822.2644755353 -1936.4482891118296 11
382000 224 -1830.1772133390252 -1944.0895311868785 11
383000 224 -1838.0899511427504 -1951.7307732619274 12
384000 224 -1846.7220287468142 -1960.0666737074355 12
385000 224 -1855.354106350878 -1968.4025741529435 12
386000 224 -1863.986183954942 -1976.7384745984516 12
387000 224 -1872.6182615590058 -1985.0743750439597 12
388000 224 -1881.2503391630696 -1993.4102754894677 12
389000 224 -1889.8824167671335 -2001.7461759349758 13
390000 224 -1899.2338341715358 -2010.7767347509428 12
391000 224 -1907.8659117755997 -2019.1126351964508 11
392000 224 -1915.7786495793248 -2026.7538772714997 11
393000 224 -1923.69138738305 -2034.3951193465487 12
394000 224 -1932.3234649871138 -2042.7310197920567 12
395000 224 -1940.9555425911776 -2051.066920237565 13
396000 224 -1950.30695999558 -2060.0974790535315 12
397000 224 -1958.9390375996438 -2068.4333794990393 13
398000 224 -1968.2904550040462 -2077.463938315006 14
399000 224 -1978.3612122087873 -2087.189155501432 15
400000 224 -1989.151309213867 -2097.609031058317 14
401000 224 -1999.2220664186082 -2107.3342482447433 14
402000 224 -2009.2928236233492 -2117.0594654311694 15
403000 224 -2020.082920628429 -2127.4793409880544 14
404000 224 -2030.1536778331701 -2137.2045581744806 13
405000 224 -2039.5050952375725 -2146.2351169904473 14
406000 224 -2049.5758524423136 -2155.9603341768734 14
407000 224 -2059.646609647055 -2165.6855513632995 14
408000 224 -2069.717366851796 -2175.4107685497256 13
408971 -8
409000 232 -2079.068784256199 -2184.4413273656924 13
410000 232 -2087.072383435432 -2194.6854671625797 14
411000 232 -2095.6916440899913 -2205.7176177130737 13
412000 232 -2103.6952432692246 -2215.961757509961 13
413000 232 -2111.698842448458 -2226.2058973068483 12
414000 232 -2119.086780152366 -2235.662026350129 11
415000 232 -2125.859056380948 -2244.330144639803 11
416000 232 -2132.63133260953 -2252.9982629294773 11
416158 -9
417000 241 -2139.403608838112 -2261.6663812191514 10
418000 241 -2144.2517050405754 -2270.4125782905453 10
419000 241 -2149.0998012430387 -2279.158775361939 10
420000 241 -2153.947897445502 -2287.904972433333 10
421000 241 -2158.795993647965 -2296.651169504727 10
422000 241 -2163.6440898504284 -2305.397366576121 11
423000 241 -2168.976995673138 -2315.0181833546544 10
424000 241 -2173.825091875601 -2323.7643804260483 10
425000 241 -2178.6731880780644 -2332.5105774974422 10
426000 241 -2183.5212842805277 -2341.256774568836 10
426404 -9
427000 250 -2188.369380482991 -2350.00297164023 10
428000 250 -2191.7895819162477 -2359.399897848089 11
429000 250 -2195.55180349283 -2369.736516676734 11
430000 250 -2199.3140250694123 -2380.073135505379 10
431000 250 -2202.734226502669 -2389.470061713238 11
432000 250 -2206.4964480792514 -2399.806680541883 12
433000 250 -2210.6006897991597 -2411.082991991314 12
434000 250 -2214.704931519068 -2422.359303440745 13
434835 -6
435000 256 -2219.1511933823017 -2434.575307510962 13
436000 256 -2222.2961780250976 -2447.1891519525498 13
437000 256 -2225.4411626678934 -2459.8029963941376 13
438000 256 -2228.5861473106893 -2472.4168408357255 12
439000 256 -2231.4892100578854 -2484.0603895510376 11
440000 256 -2234.150350909482 -2494.7336425400736 12
440831 9
441000 247 -2237.053413656678 -2506.3771912553857 12
441037 3
442000 244 -2241.7421871985493 -2517.423249496815 11
443000 244 -2246.564269813229 -2527.309984006106 11
444000 244 -2251.386352427909 -2537.1967185153967 10
445000 244 -2255.7700638958 -2546.184658978388 10
446000 244 -2260.153775363691 -2555.1725994413796 9
447000 244 -2264.0991156847927 -2563.261745858072 9
448000 244 -2268.0444560058945 -2571.3508922747646 9
449000 244 -2271.9897963269964 -2579.440038691457 8
450000 244 -2275.496765501309 -2586.6303910618503 8
451000 244 -2279.003734675621 -2593.8207434322435 7
452000 244 -2282.0723327031446 -2600.1123017563377 7
453000 244 -2285.140930730668 -2606.403860080432 7
454000 244 -2288.2095287581915 -2612.695418404526 6
455000 244 -2290.839755638926 -2618.088182682321 6
455906 3
456000 241 -2293.4699825196603 -2623.480946960116 5
457000 241 -2295.894030620892 -2627.854045495813 5
458000 241 -2298.3180787221236 -2632.22714403151 6
459000 241 -2301.2269364436015 -2637.4748622743464 5
460000 241 -2303.650984544833 -2641.8479608100433 5
460163 2
461000 239 -2306.0750326460648 -2646.2210593457403 5
462000 239 -2308.650223020615 -2650.5068958492507 5
463000 239 -2311.2254133951656 -2654.792732352761 6
464000 239 -2314.315641844626 -2659.9357361569737 5
465000 239 -2316.8908322191764 -2664.221572660484 5
466000 239 -2319.466022593727 -2668.5074091639945 6
467000 239 -2322.5562510431873 -2673.650412968207 6
468000 239 -2325.646479492648 -2678.7934167724197 5
468342 -1
469000 240 -2328.221669867198 -2683.07925327593 5
470000 240 -2330.721669867198 -2687.4093802948523 5
471000 240 -2333.221669867198 -2691.7395073137745 6
472000 240 -2336.221669867198 -2696.9356597364813 6
473000 240 -2339.221669867198 -2702.131812159188 6
473679 6
474000 234 -2342.221669867198 -2707.327964581895 6
475000 234 -2345.748381380953 -2712.1820665481446 5
476000 234 -2348.6873076424154 -2716.227151520019 6
477000 234 -2352.2140191561703 -2721.081253486269 6
477395 -4
478000 238 -2355.740730669925 -2725.9353554525187 6
479000 238 -2358.9202462553244 -2731.023644029457 7
480000 238 -2362.629681104957 -2736.959980702552 7
481000 238 -2366.3391159545895 -2742.896317375647 8
482000 238 -2370.5784700684553 -2749.6807021448985 9
483000 238 -2375.347743446554 -2757.3131350103063 9
484000 238 -2380.1170168246526 -2764.945567875714 9
484524 9
485000 229 -2384.8862902027513 -2772.5780007411217 8
486000 229 -2390.1347624346754 -2778.615677382904 9
487000 229 -2396.03929369559 -2785.408063604909 9
488000 229 -2401.9438249565046 -2792.200449826914 9
488941 2
489000 227 -2407.848356217419 -2798.992836048919 8
490000 227 -2413.304343097919 -2804.8436656618724 8
491000 227 -2418.760329978419 -2810.694495274826 8
491102 4
492000 223 -2424.216316858919 -2816.5453248877793 7
493000 223 -2429.335792770253 -2821.3193134082167 7
494000 223 -2434.4552686815873 -2826.093301928654 7
495000 223 -2439.5747445929214 -2830.8672904490913 6
495168 2
496000 221 -2443.9628668026367 -2834.9592806094665 5
497000 221 -2447.7364147037506 -2838.239575754419 5
498000 221 -2451.5099626048645 -2841.5198708993717 5
499000 221 -2455.2835105059785 -2844.800166044324 5
500000 221 -2459.0570584070924 -2848.080461189277 5
501000 221 -2462.8306063082064 -2851.3607563342293 5
502000 221 -2466.6041542093203 -2854.641051479182 5
503000 221 -2470.3777021104343 -2857.9213466241345 6
504000 221 -2474.905959591771 -2861.8577007980775 6
505000 221 -2479.434217073108 -2865.7940549720206 5
506000 221 -2483.207764974222 -2869.074350116973 6
507000 221 -2487.7360224555587 -2873.0107042909162 6
508000 221 -2492.2642799368955 -2876.9470584648593 5
509000 221 -2496.0378278380094 -2880.227353609812 5
510000 221 -2499.8113757391234 -2883.5076487547644 5
511000 221 -2503.5849236402373 -2886.787943899717 5
512000 221 -2507.3584715413513 -2890.0682390446696 5
513000 221 -2511.132019442465 -2893.348534189622 5
514000 221 -2514.905567343579 -2896.6288293345747 5
515000 221 -2518.679115244693 -2899.9091244795272 5
516000 221 -2522.452663145807 -2903.18941962448 5
517000 221 -2526.226211046921 -2906.4697147694324 5
518000 221 -2529.999758948035 -2909.750009914385 5
519000 221 -2533.773306849149 -2913.0303050593375 6
520000 221 -2538.3015643304857 -2916.9666592332806 7
521000 221 -2543.584531392045 -2921.559072436214 7
522000 221 -2548.867498453604 -2926.1514856391477 7
523000 221 -2554.1504655151634 -2930.7438988420813 8
524000 221 -2560.1881421569456 -2935.9923710740054 7
525000 221 -2565.471109218505 -2940.584784276939 6
526000 221 -2569.9993666998416 -2944.521138450882 6
527000 221 -2574.5276241811785 -2948.457492624825 5
528000 221 -2578.3011720822924 -2951.7377877697777 5
529000 221 -2582.0747199834063 -2955.0180829147303 5
529941 -2
530000 223 -2585.8482678845203 -2958.298378059683 6
531000 223 -2590.2363900942355 -2962.390368220058 6
532000 223 -2594.6245123039507 -2966.482358380433 6
533000 223 -2599.012634513666 -2970.5743485408084 6
534000 223 -2603.400756723381 -2974.6663387011836 7
535000 223 -2608.5202326347153 -2979.440327221621 6
536000 223 -2612.9083548444305 -2983.532317381996 7
537000 223 -2618.0278307557646 -2988.3063059024335 7
538000 223 -2623.1473066670987 -2993.080294422871 7
539000 223 -2628.266782578433 -2997.854282943308 6
540000 223 -2632.654904788148 -3001.9462731036833 6
541000 223 -2637.0430269978633 -3006.0382632640585 5
542000 223 -2640.699795505959 -3009.448255064371 5
542543 7
543000 216 -2644.356564014055 -3012.8582468646837 5
544000 216 -2648.4016489859296 -3015.797173126146 6
545000 216 -2653.2557509521794 -3019.323884639901 6
546000 216 -2658.109852918429 -3022.8505961536557 6
547000 216 -2662.963954884679 -3026.3773076674106 5
548000 216 -2667.0090398565535 -3029.316233928873 5
549000 216 -2671.054124828428 -3032.255160190335 5
550000 216 -2675.0992098003026 -3035.1940864517974 5
551000 216 -2679.144294772177 -3038.1330127132596 5
552000 216 -2683.1893797440516 -3041.071938974722 5
553000 216 -2687.234464715926 -3044.010865236184 5
554000 216 -2691.2795496878007 -3046.9497914976464 5
555000 216 -2695.324634659675 -3049.8887177591087 6
556000 216 -2700.178736625925 -3053.4154292728635 6
557000 216 -2705.032838592175 -3056.9421407866184 6
558000 216 -2709.8869405584246 -3060.4688523003733 7
559000 216 -2715.5500595190492 -3064.583349066421 7
560000 216 -2721.213178479674 -3068.6978458324684 8
561000 216 -2727.6853144346733 -3073.400127850808 8
562000 216 -2734.1574503896727 -3078.102409869148 9
563000 216 -2741.4386033390474 -3083.39247713978 9
564000 216 -2748.719756288422 -3088.6825444104124 10
565000 216 -2756.8099262321716 -3094.560396933337 11
566000 216 -2765.709113170296 -3101.026034708554 11
567000 216 -2774.6083001084203 -3107.4916724837713 10
568000 216 -2782.69847005217 -3113.3695250066958 11
569000 216 -2791.597656990294 -3119.835162781913 11
570000 216 -2800.4968439284185 -3126.30080055713 11
571000 216 -2809.396030866543 -3132.766438332347 10
572000 216 -2817.4862008102923 -3138.6442908552717 9
573000 216 -2824.767353759667 -3143.934358125904 8
574000 216 -2831.2394897146664 -3148.6366401442438 8
575000 216 -2837.711625669666 -3153.3389221625835 7
576000 216 -2843.3747446302905 -3157.453418928631 7
577000 216 -2849.037863590915 -3161.5679156946785 7
578000 216 -2854.7009825515397 -3165.682412460726 8
579000 216 -2861.173118506539 -3170.3846944790657 7
580000 216 -2866.8362374671638 -3174.4991912451133 6
581000 216 -2871.6903394334136 -3178.025902758868 5
581908 -1
582000 217 -2875.735424405288 -3180.9648290203304 6
583000 217 -2880.527237465572 -3184.575719159243 6
584000 217 -2885.319050525856 -3188.1866092981554 6
585000 217 -2890.1108635861397 -3191.797499437068 7
586000 217 -2895.7013121564705 -3196.010204599132 7
587000 217 -2901.2917607268014 -3200.222909761196 6
588000 217 -2906.0835737870852 -3203.8337999001087 6
589000 217 -2910.875386847369 -3207.444690039021 5
590000 217 -2914.8685643976055 -3210.4537651547816 6
591000 217 -2919.6603774578894 -3214.064655293694 7
591370 9
592000 208 -2925.25082602822 -3218.2773604557583 6
593000 208 -2930.548511585374 -3221.0941898324736 7
594000 208 -2936.7291447353864 -3224.380490771975 8
595000 208 -2943.792725478258 -3228.136263274262 9
596000 208 -2951.7392538139884 -3232.3615073393353 8
597000 208 -2958.80283455686 -3236.1172798416223 9
598000 208 -2966.7493628925904 -3240.3425239066955 10
599000 208 -2975.5788388211795 -3245.0372395345544 11
600000 208 -2985.2912623426278 -3250.2014267251993 11
601000 208 -2995.003685864076 -3255.3656139158443 11
602000 208 -3004.7161093855243 -3260.5298011064892 12
603000 208 -3015.3114804998313 -3266.16345985992 13
604000 208 -3026.7897992069975 -3272.2665901761366 12
605000 208 -3037.3851703213045 -3277.900248929567 13
606000 208 -3048.8634890284707 -3284.003379245784 12
607000 208 -3059.4588601427777 -3289.6370379992145 13
608000 208 -3070.937178849944 -3295.740168315431 12
609000 208 -3081.532549964251 -3301.373827068862 12
610000 208 -3092.127921078558 -3307.0074858222924 11
611000 208 -3101.840344600006 -3312.1716730129374 12
612000 208 -3112.435715714313 -3317.805331766368 12
613000 208 -3123.03108682862 -3323.4389905197986 13
614000 208 -3134.5094055357863 -3329.5421208360153 14
615000 208 -3146.870671835811 -3336.1147227150177 15
615177 3
616000 205 -3160.1148857286953 -3343.156796156806 14
617000 205 -3172.803194747208 -3349.073451821176 14
618000 205 -3185.491503765721 -3354.990107485546 14
619000 205 -3198.179812784234 -3360.906763149916 14
620000 205 -3210.868121802747 -3366.823418814286 13
621000 205 -3222.6501230342233 -3372.317456216915 14
622000 205 -3235.338432052736 -3378.234111881285 13
623000 205 -3247.1204332842126 -3383.7281492839143 13
624000 205 -3258.902434515689 -3389.2221866865434 14
625000 205 -3271.590743534202 -3395.1388423509134 15
626000 205 -3285.1853603397517 -3401.4781162770237 15
627000 205 -3298.7799771453015 -3407.817390203134 16
628000 205 -3313.2809017378877 -3414.579282390985 15
629000 205 -3326.8755185434375 -3420.9185563170954 14
630000 205 -3339.5638275619503 -3426.8352119814654 13
631000 205 -3351.345828793427 -3432.3292493840945 14
632000 205 -3364.0341378119397 -3438.2459050484645 14
633000 205 -3376.7224468304526 -3444.1625607128344 14
634000 205 -3389.4107558489654 -3450.0792163772044 15
635000 205 -3403.005372654515 -3456.4184903033147 14
636000 205 -3415.693681673028 -3462.3351459676846 14
637000 205 -3428.381990691541 -3468.2518016320546 13
638000 205 -3440.1639919230174 -3473.7458390346837 12
639000 205 -3451.0396853674574 -3478.817258175572 13
640000 205 -3462.821686598934 -3484.311295578201 14
641000 205 -3475.5099956174467 -3490.227951242571 14
642000 205 -3488.1983046359596 -3496.144606906941 14
643000 205 -3500.8866136544725 -3502.061262571311 14
644000 205 -3513.5749226729854 -3507.977918235681 15
645000 205 -3527.169539478535 -3514.3171921617914 15
646000 205 -3540.764156284085 -3520.6564660879017 14
647000 205 -3553.452465302598 -3526.5731217522716 15
648000 205 -3567.0470821081476 -3532.912395678382 15
649000 205 -3580.6416989136974 -3539.2516696044922 14
650000 205 -3593.3300079322103 -3545.168325268862 14
650812 -4
651000 209 -3606.018316950723 -3551.084980933232 13
652000 209 -3617.3883731435353 -3557.3875059964344 13
653000 209 -3628.7584293363475 -3563.6900310596366 12
654000 209 -3639.25386582202 -3569.5077465025925 11
655000 209 -3648.8746826005536 -3574.840652325302 12
656000 209 -3659.370119086226 -3580.658367768258 13
657000 209 -3670.7401752790383 -3586.96089283146 12
658000 209 -3681.235611764711 -3592.778608274416 13
659000 209 -3692.605667957523 -3599.081133337618 12
660000 209 -3703.1011044431957 -3604.898848780574 12
661000 209 -3713.5965409288683 -3610.71656422353 11
662000 209 -3723.217357707402 -3616.0494700462395 12
662448 -8
663000 217 -3733.7127941930744 -3621.8671854891954 12
664000 217 -3743.296420313642 -3629.08896576702 13
665000 217 -3753.678681944257 -3636.9125610679966 13
666000 217 -3764.0609435748715 -3644.7361563689733 13
666069 1
667000 216 -3774.4432052054863 -3652.55975166995 13
667266 -2
668000 218 -3784.9604261323607 -3660.200959949752 14
669000 218 -3795.9925766828546 -3668.820220604311 13
670000 218 -3806.236716479742 -3676.8238197835444 13
671000 218 -3816.4808562766293 -3684.8274189627778 13
672000 218 -3826.7249960735166 -3692.831018142011 12
672149 -4
673000 222 -3836.1811251167974 -3700.218955845919 12
674000 222 -3845.098863022526 -3708.2485231222254 12
675000 222 -3854.016600928255 -3716.2780903985317 12
676000 222 -3862.9343388339835 -3724.307657674838 12
677000 222 -3871.852076739712 -3732.3372249511444 13
678000 222 -3881.5129594709183 -3741.0359228338098 13
678804 -6
679000 228 -3891.1738422021244 -3749.734620716475 13
680000 228 -3899.8725400847898 -3759.395503447681 13
681000 228 -3908.571237967455 -3769.0563861788874 12
682000 228 -3916.6008052437614 -3777.974124084616 13
683000 228 -3925.2995031264268 -3787.635006815822 13
684000 228 -3933.998201009092 -3797.2958895470283 12
685000 228 -3942.0277682853985 -3806.213627452757 13
686000 228 -3950.726466168064 -3815.874510183963 12
687000 228 -3958.75603344437 -3824.792248089692 13
688000 228 -3967.4547313270355 -3834.453130820898 14
689000 228 -3976.8225598160593 -3844.8571583775815 14
690000 228 -3986.190388305083 -3855.261185934265 14
691000 228 -3995.558216794107 -3865.6652134909486 13
692000 228 -4004.2569146767723 -3875.326096222155 13
692467 5
693000 223 -4012.9556125594377 -3884.986978953361 14
694000 223 -4023.194564382106 -3894.534955994236 14
695000 223 -4033.433516204774 -3904.082933035111 13
696000 223 -4042.9411143258235 -3912.9489117159237 14
697000 223 -4053.1800661484917 -3922.496888756799 13
698000 223 -4062.687664269541 -3931.3628674376114 13
699000 223 -4072.1952623905904 -3940.228846118424 13
700000 223 -4081.7028605116398 -3949.0948247992364 13
701000 223 -4091.210458632689 -3957.960803480049 13
702000 223 -4100.718056753738 -3966.8267821608615 12
703000 223 -4109.494301173168 -3975.0107624816114 12
704000 223 -4118.270545592599 -3983.1947428023614 13
705000 223 -4127.778143713648 -3992.060721483174 14
706000 223 -4138.017095536316 -4001.608698524049 14
707000 223 -4148.256047358985 -4011.156675564924 14
708000 223 -4158.494999181653 -4020.7046526057993 14
709000 223 -4168.733951004321 -4030.2526296466744 15
710000 223 -4179.704256528608 -4040.4826050476117 16
711000 223 -4191.405915754515 -4051.3945788086116 17
712000 223 -4203.838928682041 -4062.988550929674 16
712232 -8
713000 231 -4215.540587907948 -4073.900524690674 15
714000 231 -4224.980393773696 -4085.5577141125286 15
715000 231 -4234.420199639444 -4097.214903534383 15
715485 3
716000 228 -4243.860005505192 -4108.872092956237 16
717000 228 -4254.566095206934 -4120.762410163875 16
718000 228 -4265.272184908676 -4132.652727371513 17
719000 228 -4276.647405216776 -4145.286189404628 17
720000 228 -4288.022625524876 -4157.919651437744 17
721000 228 -4299.397845832977 -4170.553113470859 18
722000 228 -4311.442196747436 -4183.929720329452 18
723000 228 -4323.486547661896 -4197.306327188045 17
724000 228 -4334.861767969996 -4209.93978922116 17
725000 228 -4346.236988278097 -4222.573251254275 16
726000 228 -4356.943077979839 -4234.463568461913 15
727000 228 -4366.980037075222 -4245.610740844074 15
728000 228 -4377.016996170605 -4256.757913226234 15
729000 228 -4387.053955265988 -4267.905085608395 14
730000 228 -4396.421783755012 -4278.309113165078 13
731000 228 -4405.120481637678 -4287.969995896284 13
732000 228 -4413.819179520343 -4297.630878627489 13
733000 228 -4422.517877403008 -4307.291761358695 12
734000 228 -4430.547444679314 -4316.209499264424 11
735000 228 -4437.9078813492615 -4324.384092344676 10
736000 228 -4444.59918741285 -4331.81554059945 11
737000 228 -4451.959624082798 -4339.990133679702 11
737953 -2
738000 230 -4459.320060752745 -4348.164726759954 10
739000 230 -4465.747936849611 -4355.825171191143 10
740000 230 -4472.175812946476 -4363.485615622333 9
741000 230 -4477.960901433655 -4370.380015610404 8
742000 230 -4483.1032023111475 -4376.508371155356 8
743000 230 -4488.24550318864 -4382.636726700308 9
744000 230 -4494.030591675819 -4389.531126688379 9
745000 230 -4499.8156801629975 -4396.42552667645 9
746000 230 -4505.600768650176 -4403.3199266645215 9
747000 230 -4511.385857137355 -4410.214326652593 10
747812 -6
748000 236 -4517.81373323422 -4417.874771083782 10
748184 -4
749000 240 -4523.405662268928 -4426.165146809333 11
750000 240 -4528.905662268928 -4435.691426250962 10
751000 240 -4533.905662268928 -4444.351680288806 10
752000 240 -4538.905662268928 -4453.011934326651 10
753000 240 -4543.905662268928 -4461.672188364495 11
754000 240 -4549.405662268928 -4471.1984678061235 12
755000 240 -4555.405662268928 -4481.590772651537 12
756000 240 -4561.405662268928 -4491.9830774969505 12
757000 240 -4567.405662268928 -4502.375382342364 11
758000 240 -4572.905662268928 -4511.9016617839925 11
759000 240 -4578.405662268928 -4521.427941225621 10
760000 240 -4583.405662268928 -4530.088195263465 10
761000 240 -4588.405662268928 -4538.74844930131 10
762000 240 -4593.405662268928 -4547.408703339154 10
763000 240 -4598.405662268928 -4556.068957376999 9
764000 240 -4602.905662268928 -4563.863186011059 9
765000 240 -4607.405662268928 -4571.657414645119 10
766000 240 -4612.405662268928 -4580.317668682964 10
767000 240 -4617.405662268928 -4588.977922720808 11
768000 240 -4622.905662268928 -4598.504202162437 12
769000 240 -4628.905662268928 -4608.89650700785 12
770000 240 -4634.905662268928 -4619.288811853264 12
771000 240 -4640.905662268928 -4629.681116698677 12
772000 240 -4646.905662268928 -4640.073421544091 12
773000 240 -4652.905662268928 -4650.465726389504 12
774000 240 -4658.905662268928 -4660.858031234918 11
775000 240 -4664.405662268928 -4670.384310676546 10
775910 1
776000 239 -4669.405662268928 -4679.044564714391 11
777000 239 -4675.071081092939 -4688.473405022114 12
778000 239 -4681.25153799186 -4698.759412630539 12
779000 239 -4687.4319948907805 -4709.045420238965 11
780000 239 -4693.097413714791 -4718.474260546688 10
780266 3
781000 236 -4698.247794463892 -4727.045933553709 9
782000 236 -4703.280530595129 -4734.507271706704 8
783000 236 -4707.7540738228945 -4741.139572287145 8
784000 236 -4712.22761705066 -4747.771872867585 8
785000 236 -4716.701160278426 -4754.404173448026 8
786000 236 -4721.174703506192 -4761.036474028467 8
787000 236 -4725.648246733957 -4767.668774608907 9
788000 236 -4730.680982865194 -4775.130112761903 9
789000 236 -4735.7137189964305 -4782.591450914898 10
790000 236 -4741.305648031138 -4790.881826640449 10
791000 236 -4746.897577065845 -4799.1722023659995 10
792000 236 -4752.489506100553 -4807.46257809155 10
793000 236 -4758.08143513526 -4815.752953817101 10
794000 236 -4763.6733641699675 -4824.043329542652 10
795000 236 -4769.265293204675 -4832.333705268203 11
796000 236 -4775.416415142853 -4841.453118566308 11
797000 236 -4781.567537081031 -4850.572531864414 11
798000 236 -4787.71865901921 -4859.691945162519 10
799000 236 -4793.310588053917 -4867.98232088807 11
800000 236 -4799.461709992095 -4877.101734186175 12
801000 236 -4806.172024833744 -4887.050185056835 12
802000 236 -4812.882339675393 -4896.998635927495 13
803000 236 -4820.151847420513 -4907.776124370711 13
804000 236 -4827.421355165633 -4918.5536128139265 13
805000 236 -4834.690862910753 -4929.331101257142 14
806000 236 -4842.519563559344 -4940.937627272912 13
807000 236 -4849.7890713044635 -4951.715115716128 13
808000 236 -4857.058579049583 -4962.4926041593435 14
809000 236 -4864.887279698174 -4974.099130175114 13
810000 236 -4872.156787443294 -4984.876618618329 14
811000 236 -4879.985488091885 -4996.4831446340995 15
812000 236 -4888.373381643946 -5008.918708222425 15
812902 -8
813000 244 -4896.761275196008 -5021.354271810751 15
814000 244 -4903.336842397844 -5034.836182505239 15
815000 244 -4909.912409599679 -5048.318093199727 15
816000 244 -4916.487976801515 -5061.800003894215 16
817000 244 -4923.50191515014 -5076.180708635001 17
818000 244 -4930.954224645555 -5091.460207422087 18
819000 244 -4938.844905287759 -5107.638500255472 18
820000 244 -4946.735585929962 -5123.816793088857 18
821000 244 -4954.626266572166 -5139.995085922242 19
821912 -3
822000 247 -4962.955318361159 -5157.072172801926 19
822495 -3
823000 250 -4970.379209802455 -5174.561765017523 19
824000 250 -4976.877592525643 -5192.415924812455 18
824971 -8
825000 258 -4983.033955105505 -5209.330391986601 18
826000 258 -4986.776365540225 -5226.937048799809 19
827000 258 -4990.726687665762 -5245.5218532137515 19
828000 258 -4994.6770097912995 -5264.1066576276935 19
829000 258 -4998.627331916837 -5282.6914620416355 20
830000 258 -5002.785565733192 -5302.254414056311 20
831000 258 -5006.943799549547 -5321.817366070987 21
832000 258 -5011.309945056721 -5342.358465686397 20
833000 258 -5015.468178873076 -5361.921417701073 20
834000 258 -5019.626412689431 -5381.4843697157485 20
835000 258 -5023.784646505786 -5401.047321730424 20
836000 258 -5027.942880322142 -5420.6102737451 21
837000 258 -5032.309025829315 -5441.15137336051 21
837846 -4
838000 262 -5036.675171336488 -5461.692472975919 21
838993 -5
839000 267 -5039.59780645665 -5482.488102419492 20
840000 267 -5040.644525581509 -5502.460693114584 21
841000 267 -5041.743580662611 -5523.43191334443 22
841339 5
842000 262 -5042.894971699956 -5545.40176310903 23
843000 262 -5046.095953022037 -5568.177928690086 23
844000 262 -5049.296934344118 -5590.954094271143 23
845000 262 -5052.497915666199 -5613.730259852199 24
846000 262 -5055.838070089241 -5637.496693501997 24
847000 262 -5059.178224512283 -5661.263127151794 25
848000 262 -5062.657552036285 -5686.019828870333 25
849000 262 -5066.136879560287 -5710.776530588872 25
850000 262 -5069.616207084288 -5735.533232307412 25
851000 262 -5073.09553460829 -5760.289934025951 25
852000 262 -5076.574862132292 -5785.04663574449 26
853000 262 -5080.193362757253 -5810.793605531771 27
854000 262 -5083.951036483175 -5837.5308433877935 27
855000 262 -5087.708710209096 -5864.268081243816 28
856000 262 -5091.605557035979 -5891.99558716858 29
857000 262 -5095.641576963821 -5920.713361162086 29
858000 262 -5099.677596891663 -5949.431135155592 29
859000 262 -5103.713616819505 -5978.148909149098 30
860000 262 -5107.888809848307 -6007.8569512113445 30
861000 262 -5112.064002877109 -6037.564993273591 31
862000 262 -5116.37836900687 -6068.26330340458 32
863000 262 -5120.831908237593 -6099.95188160431 31
864000 262 -5125.146274367355 -6130.650191735299 31
865000 262 -5129.460640497116 -6161.348501866288 31
866000 262 -5133.775006626878 -6192.046811997277 32
867000 262 -5138.228545857601 -6223.735390197006 31
868000 262 -5142.5429119873625 -6254.433700327995 30
869000 262 -5146.718105016164 -6284.141742390242 29
870000 262 -5150.754124944006 -6312.859516383748 28
871000 262 -5154.650971770889 -6340.587022308512 28
872000 262 -5158.547818597771 -6368.314528233276 29
873000 262 -5162.583838525613 -6397.032302226782 28
874000 262 -5166.480685352495 -6424.759808151546 28
875000 262 -5170.377532179377 -6452.48731407631 27
876000 262 -5174.135205905299 -6479.224551932332 27
877000 262 -5177.89287963122 -6505.9617897883545 28
878000 262 -5181.789726458102 -6533.689295713119 28
879000 262 -5185.686573284985 -6561.416801637883 28
880000 262 -5189.583420111867 -6589.144307562647 28
881000 262 -5193.480266938749 -6616.871813487411 28
882000 262 -5197.377113765631 -6644.599319412175 29
883000 262 -5201.413133693473 -6673.317093405681 29
884000 262 -5205.449153621315 -6702.034867399187 29
885000 262 -5209.4851735491575 -6730.752641392693 29
886000 262 -5213.5211934769995 -6759.4704153861985 30
887000 262 -5217.6963865058015 -6789.178457448445 30
888000 262 -5221.871579534603 -6818.886499510692 30
889000 262 -5226.046772563405 -6848.594541572939 31
890000 262 -5230.361138693167 -6879.292851703928 32
891000 262 -5234.81467792389 -6910.981429903658 32
892000 262 -5239.268217154612 -6942.670008103388 32
893000 262 -5243.721756385335 -6974.358586303118 33
894000 262 -5248.314468717017 -7007.037432571589 33
894708 1
895000 261 -5252.907181048699 -7039.716278840061 33
896000 261 -5258.069518395027 -7072.3099940797 33
897000 261 -5263.2318557413555 -7104.903709319339 33
897731 6
898000 255 -5268.394193087684 -7137.497424558978 33
899000 255 -5276.935221576066 -7169.3729768265175 34
900000 255 -5285.735069109552 -7202.214454920346 35
901000 255 -5294.79373568814 -7236.021858840463 35
902000 255 -5303.852402266729 -7269.829262760581 36
903000 255 -5313.16988789042 -7304.602592506987 37
904000 255 -5322.746192559213 -7340.341848079683 37
905000 255 -5332.322497228007 -7376.081103652378 38
906000 255 -5342.157620941903 -7412.786285051363 38
907000 255 -5351.992744655799 -7449.491466450348 37
908000 255 -5361.569049324592 -7485.230722023043 37
909000 255 -5371.1453539933855 -7520.969977595739 37
910000 255 -5380.721658662179 -7556.709233168434 37
911000 255 -5390.297963330972 -7592.44848874113 37
912000 255 -5399.874267999766 -7628.1877443138255 37
913000 255 -5409.450572668559 -7663.926999886521 36
914000 255 -5418.76805829225 -7698.700329632928 36
915000 255 -5428.085543915941 -7733.473659379334 37
916000 255 -5437.661848584735 -7769.21291495203 37
917000 255 -5447.238153253528 -7804.952170524725 36
918000 255 -5456.555638877219 -7839.725500271132 36
919000 255 -5465.87312450091 -7874.498830017538 36
920000 255 -5475.190610124601 -7909.272159763945 36
921000 255 -5484.508095748292 -7944.045489510351 37
922000 255 -5494.084400417086 -7979.784745083047 36
923000 255 -5503.401886040777 -8014.558074829453 36
923611 5
924000 250 -5512.719371664468 -8049.33140457586 36
925000 250 -5525.032096824192 -8083.160338924153 36
926000 250 -5537.3448219839165 -8116.989273272446 37
927000 250 -5549.999567286966 -8151.757900241524 37
928000 250 -5562.654312590016 -8186.526527210603 37
928418 -4
929000 254 -5575.309057893066 -8221.295154179681 36
929551 -4
930000 258 -5585.232002702478 -8255.90057523346 37
931000 258 -5592.924735262735 -8292.09203646061 37
932000 258 -5600.617467822993 -8328.28349768776 38
933000 258 -5608.518112074067 -8365.453106515644 39
934000 258 -5616.62666801596 -8403.600862944262 39
935000 258 -5624.735223957852 -8441.74861937288 38
936000 258 -5632.635868208927 -8478.918228200764 38
937000 258 -5640.536512460001 -8516.087837028648 39
938000 258 -5648.645068401894 -8554.235593457266 40
939000 258 -5656.961536034604 -8593.361497486618 40
940000 258 -5665.278003667315 -8632.48740151597 40
941000 258 -5673.594471300025 -8671.613305545321 41
942000 258 -5682.118850623554 -8711.717357175407 40
943000 258 -5690.4353182562645 -8750.843261204758 40
944000 258 -5698.751785888975 -8789.96916523411 40
945000 258 -5707.068253521686 -8829.095069263461 40
946000 258 -5715.384721154396 -8868.220973292813 40
947000 258 -5723.701188787107 -8907.346877322165 40
948000 258 -5732.017656419817 -8946.472781351516 40
949000 258 -5740.334124052528 -8985.598685380868 41
950000 258 -5748.858503376056 -9025.702737010954 42
951000 258 -5757.590794390402 -9066.784936241773 42
952000 258 -5766.323085404748 -9107.867135472592 42
953000 258 -5775.055376419094 -9148.949334703411 41
954000 258 -5783.579755742622 -9189.053386333497 41
955000 258 -5792.104135066151 -9229.157437963582 41
955909 -6
956000 264 -5800.628514389679 -9269.261489593668 40
957000 264 -5804.809652920386 -9309.042365408399 41
958000 264 -5809.09531991436 -9349.817763118497 41
959000 264 -5813.380986908333 -9390.593160828596 42
960000 264 -5817.7711823655745 -9432.363080434063 42
961000 264 -5822.161377822816 -9474.13300003953 41
961278 2
962000 262 -5826.4470448167895 -9514.908397749628 41
963000 262 -5832.1531419561525 -9555.509388568033 41
963243 5
964000 257 -5837.8592390955155 -9596.110379386437 40
965000 257 -5846.85728126927 -9635.085181977845 40
966000 257 -5855.855323443025 -9674.059984569254 39
967000 257 -5864.628414562435 -9712.060417095878 39
968000 257 -5873.401505681845 -9750.060849622501 39
969000 257 -5882.174596801256 -9788.061282149125 39
970000 257 -5890.947687920666 -9826.061714675749 39
971000 257 -5899.720779040076 -9864.062147202372 40
972000 257 -5908.718821213831 -9903.03694979378 40
973000 257 -5917.716863387585 -9942.01175238519 40
974000 257 -5926.71490556134 -9980.986554976598 39
975000 257 -5935.48799668075 -10018.986987503222 39
976000 257 -5944.261087800161 -10056.987420029845 38
977000 257 -5952.8092278652275 -10094.013482491684 38
978000 257 -5961.3573679302945 -10131.039544953523 38
979000 257 -5969.905507995361 -10168.065607415361 38
980000 257 -5978.453648060428 -10205.0916698772 38
981000 257 -5987.001788125495 -10242.117732339038 37
982000 257 -5995.324977136218 -10278.169424736092 36
983000 257 -6003.423215092597 -10313.24674706836 36
984000 257 -6011.521453048977 -10348.324069400629 36
985000 257 -6019.619691005356 -10383.401391732898 36
986000 257 -6027.717928961735 -10418.478714065166 37
987000 257 -6036.041117972458 -10454.53040646222 38
987158 1
988000 256 -6044.589258037525 -10491.556468924058 38
989000 256 -6053.782290070312 -10528.427706522547 37
990000 256 -6062.7334002075 -10564.32864839476 37
991000 256 -6071.6845103446885 -10600.229590266972 36
991681 9
992000 247 -6080.3936985862765 -10635.160236412908 36
993000 247 -6094.4600192118905 -10668.298411137197 35
993503 -4
994000 251 -6108.135608709015 -10700.516081008032 35
995000 251 -6119.530494115016 -10733.609231154009 36
996000 251 -6131.250947675474 -10767.647899875585 35
997000 251 -6142.645833081475 -10800.741050021561 34
998000 251 -6153.715150333018 -10832.888681591938 33
999000 251 -6164.458899430104 -10864.090794586715 33
