1000 97 255.05009050551763 630.8807384262611 15
2000 97 253.22205035444043 645.768930700881 15
3000 97 251.39401020336322 660.6571229755009 14
4000 97 249.68783939569116 674.5527690984794 14
5000 97 247.9816685880191 688.4484152214579 15
6000 97 246.1536284369419 703.3366074960778 16
7000 97 244.20371894245952 719.217345922339 17
8000 97 242.131940104572 736.0906305002414 17
9000 97 240.0601612666845 752.9639150781439 18
10000 97 237.86651308539186 770.8297458076877 17
11000 97 235.79473424750435 787.7030303855902 16
11026 2
12000 99 233.84482475302198 803.5837688118513 15
13000 99 231.49830777741852 818.3990939207783 16
14000 99 228.99535633677482 834.2021073703005 15
14607 4
15000 103 226.64883936117135 849.0174324792275 14
16000 103 223.49952460035723 862.6586133862208 15
17000 103 220.12525878519926 877.2741643579993 14
18000 103 216.97594402438517 890.9153452649927 13
19000 103 214.05158031791493 903.5821561072007 13
20000 103 211.12721661144468 916.2489669494088 12
21000 103 208.4278039593183 927.9414077268316 11
22000 103 205.9533423615358 938.6594784394691 10
23000 103 203.70383181809714 948.4031790873215 11
24000 103 201.22937022031462 959.1212497999591 10
24438 6
25000 109 198.97985967687598 968.8649504478115 11
26000 109 195.39860997784726 979.2656547794039 10
27000 109 192.1429284332757 988.7208405353971 10
28000 109 188.88724688870414 998.1760262913903 10
29000 109 185.63156534413258 1007.6312120473834 9
30000 109 182.70145195401818 1016.1408792277773 9
31000 109 179.77133856390378 1024.650546408171 10
32000 109 176.51565701933222 1034.1057321641642 11
33000 109 172.9344073203035 1044.5064364957568 11
34000 109 169.3531576212748 1054.9071408273494 11
35000 109 165.77190792224607 1065.307845158942 11
36000 109 162.19065822321735 1075.7085494905346 10
37000 109 158.9349766786458 1085.1637352465277 11
38000 109 155.35372697961708 1095.5644395781203 11
39000 109 151.77247728058836 1105.9651439097129 12
40000 109 147.86565942710249 1117.3113668169046 11
40797 -4
41000 105 144.28440972807377 1127.7120711484972 11
42000 105 141.43740023194604 1138.337255237677 10
43000 105 138.84920978092083 1147.9965135005677 9
44000 105 136.51983837499813 1156.6898459371694 9
45000 105 134.19046696907543 1165.383178373771 9
46000 105 131.86109556315273 1174.0765108103726 10
47000 105 129.27290511212752 1183.7357690732633 11
48000 105 126.42589561599979 1194.3609531624431 11
49000 105 123.57888611987207 1204.986137251623 11
50000 105 120.73187662374434 1215.6113213408028 11
51000 105 117.88486712761662 1226.2365054299826 12
52000 105 114.77903858638636 1237.8276153454515 12
53000 105 111.67321004515611 1249.4187252609204 12
54000 105 108.56738150392586 1261.0098351763893 13
55000 105 105.2027339175931 1273.5668709181473 14
56000 105 101.5792672861578 1287.0898324861942 13
56323 9
57000 114 98.21461969982504 1299.6468682279522 13
57503 2
58000 116 92.92704333983963 1311.522959177306 12
59000 116 87.66658957837069 1322.3084877328959 11
60000 116 82.84450696369083 1332.1952222421867 11
61000 116 78.02242434901098 1342.0819567514775 10
62000 116 73.6387128811202 1351.0698972144692 10
63000 116 69.25500141322942 1360.0578376774608 10
64000 116 64.87128994533865 1369.0457781404525 10
65000 116 60.48757847744787 1378.0337186034442 9
66000 116 56.54223815634617 1386.1228650201367 8
67000 116 53.03526898203355 1393.31321739053 9
68000 116 49.089928660931854 1401.4023638072226 9
69000 116 45.14458833983016 1409.4915102239152 9
70000 116 41.19924801872846 1417.5806566406077 8
71000 116 37.69227884441584 1424.771009011001 8
72000 116 34.185309670103216 1431.9613613813945 9
73000 116 30.23996934900152 1440.050507798087 10
74000 116 25.856257881110743 1449.0384482610787 9
75000 116 21.910917560009047 1457.1275946777712 9
76000 116 17.96557723890735 1465.2167410944637 9
76929 7
77000 123 14.020236917805653 1473.3058875111562 10
78000 123 8.573846567655382 1481.6925931906105 10
79000 123 3.1274562175051113 1490.0792988700648 9
80000 123 -1.7742950976301328 1497.6273339815737 9
80007 -4
81000 119 -6.676046412765377 1505.1753690930825 9
82000 119 -11.03933299498241 1513.046946457337 8
83000 119 -14.917809956953105 1520.0439041144523 7
84000 119 -18.311477298677463 1526.1662420644282 8
85000 119 -22.189954260648157 1533.1631997215434 7
86000 119 -25.583621602372517 1539.2855376715193 6
87000 119 -28.49247932385054 1544.5332559143555 6
88000 119 -31.40133704532856 1549.7809741571918 7
88974 7
89000 126 -34.79500438705292 1555.9033121071677 8
89570 7
90000 133 -39.49728640539271 1562.3754480621674 7
91000 133 -44.2712749258302 1567.4949239735015 7
92000 133 -49.04526344626769 1572.6143998848356 7
93000 133 -53.81925196670518 1577.7338757961697 7
94000 133 -58.59324048714267 1582.8533517075039 7
95000 133 -63.367229007580164 1587.972827618838 6
96000 133 -67.45921916795515 1592.360949828553 6
97000 133 -71.55120932833015 1596.749072038268 6
98000 133 -75.64319948870514 1601.137194247983 6
99000 133 -79.73518964908013 1605.525316457698 6
100000 133 -83.82717980945512 1609.913438667413 7
100759 -5
101000 128 -88.6011683298926 1615.032914578747 7
102000 128 -92.91079865717221 1620.548989853994 7
103000 128 -97.22042898445181 1626.065065129241 6
104000 128 -100.91439783640577 1630.7931296508814 6
104984 -4
105000 124 -104.60836668835972 1635.5211941725217 5
106000 124 -107.40433120571346 1639.666382035297 6
107000 124 -110.75948862653794 1644.6406074706272 7
108000 124 -114.67383895083317 1650.4438704785125 7
109000 124 -118.5881892751284 1656.2471334863978 7
110000 124 -122.50253959942363 1662.0503964942832 8
110265 -7
111000 117 -126.9760828271896 1668.6826970747236 8
112000 117 -130.60800682510597 1675.8107492682304 8
113000 117 -134.23993082302235 1682.9388014617373 7
114000 117 -137.41786432119918 1689.175847131056 6
115000 117 -140.14180731963646 1694.521886276186 6
116000 117 -142.86575031807374 1699.8679254213162 7
117000 117 -146.04368381625056 1706.1049710906348 8
117603 -9
118000 108 -149.67560781416694 1713.2330232841416 7
119000 108 -151.83872677479158 1719.8904188982076 6
120000 108 -153.69282874104127 1725.5967579959786 5
121000 108 -155.237913712916 1730.3520405774543 5
122000 108 -156.78299868479073 1735.10732315893 5
123000 108 -158.32808365666546 1739.8626057404058 5
124000 108 -159.87316862854018 1744.6178883218815 5
125000 108 -161.41825360041491 1749.3731709033573 5
126000 108 -162.96333857228964 1754.128453484833 6
127000 108 -164.81744053853933 1759.834792582604 6
128000 108 -166.67154250478902 1765.541131680375 6
129000 108 -168.5256444710387 1771.247470778146 6
130000 108 -170.3797464372884 1776.953809875917 6
131000 108 -172.23384840353808 1782.660148973688 7
132000 108 -174.39696736416272 1789.317544587754 8
133000 108 -176.8691033191623 1796.9259967181151 8
134000 108 -179.34123927416186 1804.5344488484764 9
134500 -2
135000 106 -182.1223922235364 1813.0939574951328 9
136000 106 -184.6031284258894 1821.7453127585777 10
136576 1
137000 107 -187.3595019840594 1831.3579297179608 11
138000 107 -190.5755907360095 1841.8772820335541 10
139000 107 -193.49930778323687 1851.4403295931845 10
140000 107 -196.42302483046424 1861.003377152815 10
141000 107 -199.3467418776916 1870.5664247124453 10
142000 107 -202.27045892491898 1880.1294722720756 11
143000 107 -205.4865476768691 1890.648824587669 11
144000 107 -208.7026364288192 1901.1681769032623 11
145000 107 -211.91872518076931 1911.6875292188556 10
146000 107 -214.84244222799668 1921.250576778486 9
147000 107 -217.47378757050132 1929.8573195821534 10
148000 107 -220.39750461772869 1939.4203671417838 10
149000 107 -223.32122166495606 1948.9834147014142 9
150000 107 -225.9525670074607 1957.5901575050816 8
150411 8
151000 115 -228.29154064524258 1965.2405955527859 8
152000 115 -231.67248673916816 1972.491057849079 9
153000 115 -235.47605109483445 1980.6478279324087 9
154000 115 -239.27961545050073 1988.8045980157385 9
155000 115 -243.083179806167 1996.9613680990683 9
156000 115 -246.8867441618333 2005.118138182398 9
157000 115 -250.69030851749957 2013.2749082657278 9
158000 115 -254.49387287316586 2021.4316783490576 8
159000 115 -257.87481896709147 2028.6821406453507 8
160000 115 -261.2557650610171 2035.9326029416438 9
161000 115 -265.0593294166834 2044.0893730249736 10
162000 115 -269.2855120340904 2053.1524508953403 9
163000 115 -273.0890763897567 2061.30922097867 10
164000 115 -277.3152590071637 2070.3722988490367 9
165000 115 -281.11882336283 2078.5290689323665 10
166000 115 -285.34500598023703 2087.592146802733 10
167000 115 -289.57118859764404 2096.6552246731 10
168000 115 -293.79737121505104 2105.7183025434665 11
169000 115 -298.44617209419874 2115.6876882008696 12
170000 115 -303.51759123508714 2126.5633816453096 12
171000 115 -308.58901037597553 2137.4390750897496 13
172000 115 -314.0830477786046 2149.221076321226 13
173000 115 -319.5770851812337 2161.0030775527025 13
174000 115 -325.0711225838628 2172.785078784179 13
174521 6
175000 121 -330.5651599864919 2184.5670800156554 14
176000 121 -337.7756930352327 2196.567422225485 14
177000 121 -344.98622608397346 2208.567764435315 14
178000 121 -352.19675913271425 2220.568106645145 13
179000 121 -358.89225410654495 2231.7112815542723 13
180000 121 -365.58774908037566 2242.8544564634 13
181000 121 -372.28324405420636 2253.9976313725274 13
182000 121 -378.97873902803707 2265.140806281655 13
183000 121 -385.6742340018678 2276.2839811907825 13
184000 121 -392.3697289756985 2287.42715609991 12
185000 121 -398.5501858746191 2297.7131637083353 12
186000 121 -404.7306427735397 2307.9991713167606 12
186178 2
187000 123 -410.91109967246035 2318.285178925186 12
188000 123 -417.4467680926407 2328.349225740531 12
189000 123 -423.98243651282104 2338.413272555876 12
190000 123 -430.5181049330014 2348.4773193712213 11
191000 123 -436.5091343181667 2357.702695618621 11
192000 123 -442.50016370333196 2366.9280718660207 11
193000 123 -448.49119308849725 2376.1534481134204 11
194000 123 -454.48222247366255 2385.37882436082 11
195000 123 -460.47325185882784 2394.60420060822 11
196000 123 -466.4642812439931 2403.8295768556195 10
197000 123 -471.9106715941434 2412.216282535074 9
198000 123 -476.81242290927867 2419.7643176465826 9
199000 123 -481.7141742244139 2427.3123527580915 8
200000 123 -486.0712865045341 2434.021717301655 8
200775 2
201000 125 -490.4283987846543 2440.7310818452183 9
202000 125 -495.5905867118137 2448.103450243819 9
203000 125 -500.75277463897316 2455.47581864242 9
204000 125 -505.9149625661326 2462.848187041021 10
205000 125 -511.65072692964304 2471.039707483911 10
206000 125 -517.3864912931535 2479.2312279268012 10
207000 125 -523.122255656664 2487.4227483696914 10
208000 125 -528.8580200201745 2495.6142688125815 10
209000 125 -534.593784383685 2503.8057892554716 10
210000 125 -540.3295487471955 2511.9973096983617 9
211000 125 -545.4917366743549 2519.3696780969626 9
212000 125 -550.6539246015143 2526.7420464955635 8
213000 125 -555.2425360923227 2533.2952628498756 8
214000 125 -559.831147583131 2539.8484792041877 8
215000 125 -564.4197590739394 2546.4016955585 8
216000 125 -569.0083705647478 2552.954911912812 8
217000 125 -573.5969820555562 2559.508128267124 9
217815 -9
218000 116 -578.7591699827155 2566.880496665725 9
219000 116 -582.7045103038173 2574.9696430824174 8
220000 116 -586.21147947813 2582.1599954528106 7
221000 116 -589.2800775056535 2588.451553776905 7
222000 116 -592.348675533177 2594.743112100999 6
223000 116 -594.9789024139114 2600.135876378794 5
224000 116 -597.1707581478569 2604.62984661029 6
225000 116 -599.8009850285913 2610.0226108880847 7
226000 116 -602.8695830561148 2616.314169212179 7
227000 116 -605.9381810836384 2622.605727536273 7
228000 116 -609.0067791111619 2628.8972858603674 8
229000 116 -612.5137482854745 2636.0876382307606 9
230000 116 -616.4590886065763 2644.176784647453 10
231000 116 -620.842800074467 2653.1647251104446 9
231479 3
232000 119 -624.7881403955688 2661.253871527137 8
233000 119 -628.6666173575395 2668.2508291842523 7
234000 119 -632.0602846992639 2674.373167134228 6
235000 119 -634.969142420742 2679.6208853770645 5
236000 119 -637.3931905219737 2683.9939839127615 5
237000 119 -639.8172386232054 2688.3670824484584 5
238000 119 -642.2412867244371 2692.7401809841554 5
239000 119 -644.6653348256689 2697.1132795198523 5
240000 119 -647.0893829269006 2701.4863780555493 5
241000 119 -649.5134310281323 2705.859476591246 5
242000 119 -651.9374791293641 2710.232575126943 5
243000 119 -654.3615272305958 2714.60567366264 5
244000 119 -656.7855753318275 2718.978772198337 5
245000 119 -659.2096234330593 2723.351870734034 5
246000 119 -661.633671534291 2727.724969269731 6
247000 119 -664.5425292557691 2732.9726875125675 5
248000 119 -666.9665773570008 2737.3457860482645 5
249000 119 -669.3906254582325 2741.7188845839614 5
250000 119 -671.8146735594643 2746.0919831196584 5
251000 119 -674.238721660696 2750.4650816553553 5
252000 119 -676.6627697619277 2754.8381801910523 6
253000 119 -679.5716274834058 2760.085898433889 6
254000 119 -682.4804852048838 2765.3336166767253 7
255000 119 -685.8741525466082 2771.455954626701 7
256000 119 -689.2678198883326 2777.5782925766766 7
257000 119 -692.661487230057 2783.7006305266523 6
257378 2
258000 121 -695.570344951535 2788.948348769489 6
259000 121 -698.6605734009954 2794.0913525737014 6
260000 121 -701.7508018504558 2799.234356377914 7
261000 121 -705.3560683748261 2805.234527482829 7
261636 6
262000 127 -708.9613348991965 2811.234698587744 7
263000 127 -713.1740400612608 2816.8251471580747 6
264000 127 -716.7849302001731 2821.6169602183586 5
265000 127 -719.7940053159333 2825.610137768595 5
265894 -2
266000 125 -722.8030804316935 2829.6033153188314 6
267000 125 -726.2445390497998 2834.5182275845655 6
268000 125 -729.685997667906 2839.4331398502995 6
269000 125 -733.1274562860123 2844.3480521160336 6
270000 125 -736.5689149041185 2849.2629643817677 6
270251 8
271000 133 -740.0103735222248 2854.1778766475018 5
272000 133 -743.4203653225372 2857.8346451555976 6
273000 133 -747.5123554829122 2862.222767365313 6
274000 133 -751.6043456432872 2866.610889575028 6
275000 133 -755.6963358036621 2870.9990117847433 6
276000 133 -759.7883259640371 2875.3871339944585 6
277000 133 -763.880316124412 2879.7752562041737 7
278000 133 -768.6543046448495 2884.894732115508 6
279000 133 -772.7462948052245 2889.282854325223 5
280000 133 -776.1562866055369 2892.939622833319 5
281000 133 -779.5662784058494 2896.596391341415 5
282000 133 -782.9762702061619 2900.2531598495107 5
283000 133 -786.3862620064743 2903.9099283576065 5
283476 5
284000 138 -789.7962538067868 2907.5666968657024 5
285000 138 -793.5119779341737 2910.912349897497 5
286000 138 -797.2277020615606 2914.2580029292913 5
287000 138 -800.9434261889476 2917.6036559610857 5
288000 138 -804.6591503163345 2920.94930899288 6
289000 138 -809.1180192691988 2924.964092631033 5
290000 138 -812.8337433965858 2928.3097456628275 6
291000 138 -817.2926123494501 2932.3245293009804 6
292000 138 -821.7514813023145 2936.3393129391334 7
292431 -3
293000 135 -826.9534950806562 2941.0232271836453 6
294000 135 -831.1961357677756 2945.2658678707644 5
295000 135 -834.7316696737083 2948.8014017766973 5
296000 135 -838.2672035796411 2952.33693568263 5
297000 135 -841.8027374855739 2955.872469588563 5
297275 9
298000 144 -845.3382713915066 2959.408003494496 5
299000 144 -849.3833563633814 2962.346929755958 5
300000 144 -853.4284413352561 2965.2858560174204 5
301000 144 -857.4735263071309 2968.2247822788827 6
301719 5
302000 149 -862.3276282733806 2971.7514937926376 5
303000 149 -866.6134647768912 2974.326684167188 5
304000 149 -870.8993012804018 2976.9018745417384 5
305000 149 -875.1851377839124 2979.477064916289 5
306000 149 -879.470974287423 2982.052255290839 5
307000 149 -883.7568107909336 2984.6274456653896 6
308000 149 -888.8998145951463 2987.71767411485 5
309000 149 -893.1856510986569 2990.2928644894005 5
310000 149 -897.4714876021675 2992.868054863951 5
311000 149 -901.7573241056781 2995.4432452385013 5
311397 -1
312000 148 -906.0431606091887 2998.0184356130517 6
313000 148 -911.1314491861273 3001.197951198451 5
314000 148 -915.3716896669094 3003.847547519617 5
315000 148 -919.6119301476916 3006.497143840783 5
316000 148 -923.8521706284738 3009.146740161949 5
317000 148 -928.092411109256 3011.796336483115 5
318000 148 -932.3326515900382 3014.445932804281 5
319000 148 -936.5728920708203 3017.095529125447 5
320000 148 -940.8131325516025 3019.7451254466127 6
321000 148 -945.9014211285411 3022.924641032012 5
322000 148 -950.1416616093233 3025.574237353178 5
323000 148 -954.3819020901054 3028.223833674344 5
324000 148 -958.6221425708876 3030.87342999551 5
325000 148 -962.8623830516698 3033.523026316676 5
326000 148 -967.102623532452 3036.172622637842 5
327000 148 -971.3428640132341 3038.822218959008 5
328000 148 -975.5831044940163 3041.471815280174 6
329000 148 -980.6713930709549 3044.651330865573 5
330000 148 -984.911633551737 3047.300927186739 5
331000 148 -989.1518740325192 3049.950523507905 5
332000 148 -993.3921145133014 3052.600119829071 6
333000 148 -998.48040309024 3055.7796354144702 7
334000 148 -1004.4167397633349 3059.489070264103 6
335000 148 -1009.5050283402735 3062.668585849502 7
336000 148 -1015.4413650133685 3066.3780206991346 6
337000 148 -1020.529653590307 3069.557536284534 6
338000 148 -1025.6179421672455 3072.737051869933 5
339000 148 -1029.8581826480277 3075.386648191099 5
340000 148 -1034.0984231288098 3078.036244512265 5
341000 148 -1038.338663609592 3080.685840833431 5
342000 148 -1042.5789040903742 3083.335437154597 5
343000 148 -1046.8191445711564 3085.985033475763 6
344000 148 -1051.907433148095 3089.1645490611622 5
345000 148 -1056.147673628877 3091.814145382328 5
346000 148 -1060.3879141096593 3094.463741703494 6
347000 148 -1065.4762026865978 3097.6432572888934 6
348000 148 -1070.5644912635364 3100.8227728742927 6
349000 148 -1075.652779840475 3104.002288459692 6
350000 148 -1080.7410684174135 3107.181804045091 5
350893 1
351000 149 -1084.9813088981957 3109.831400366257 6
352000 149 -1090.1243127024084 3112.9216288157177 6
353000 149 -1095.267316506621 3116.011857265178 6
354000 149 -1100.4103203108336 3119.1020857146386 6
355000 149 -1105.5533241150463 3122.192314164099 5
356000 149 -1109.839160618557 3124.7675045386495 5
357000 149 -1114.1249971220675 3127.3426949132 5
358000 149 -1118.410833625578 3129.9178852877503 6
359000 149 -1123.5538374297907 3133.008113737211 6
360000 149 -1128.6968412340034 3136.0983421866713 7
361000 149 -1134.6970123389183 3139.703608711042 7
362000 149 -1140.6971834438332 3143.3088752354124 7
363000 149 -1146.697354548748 3146.914141759783 7
364000 149 -1152.697525653663 3150.5194082841535 6
365000 149 -1157.8405294578756 3153.609636733614 5
366000 149 -1162.1263659613862 3156.1848271081644 5
367000 149 -1166.4122024648968 3158.760017482715 5
368000 149 -1170.6980389684074 3161.3352078572652 5
369000 149 -1174.983875471918 3163.9103982318156 5
369797 -7
370000 142 -1179.2697119754287 3166.485588606366 5
371000 142 -1183.2097657434622 3169.5638959829944 6
372000 142 -1187.9378302651025 3173.257864834948 7
373000 142 -1193.4539055403495 3177.5674951622277 8
374000 142 -1199.7579915692033 3182.492786964833 7
375000 142 -1205.2740668444503 3186.8024172921128 7
376000 142 -1210.7901421196973 3191.1120476193923 7
377000 142 -1216.3062173949443 3195.421677946672 8
378000 142 -1222.610303423798 3200.3469697492774 7
379000 142 -1228.126378699045 3204.656600076557 7
379707 1
380000 143 -1233.642453974292 3208.9662304038366 7
381000 143 -1239.2329025446231 3213.1789355659007 7
382000 143 -1244.8233511149542 3217.391640727965 8
383000 143 -1251.2124351953325 3222.206160913181 8
384000 143 -1257.6015192757109 3227.0206810983973 7
385000 143 -1263.191967846042 3231.2333862604614 8
386000 143 -1269.5810519264203 3236.0479064456777 8
387000 143 -1275.9701360067986 3240.862426630894 9
388000 143 -1283.1578555972242 3246.278761839262 9
389000 143 -1290.3455751876497 3251.6950970476305 8
390000 143 -1296.734659268028 3256.5096172328467 7
391000 143 -1302.3251078383591 3260.722322394911 8
392000 143 -1308.7141919187375 3265.536842580127 9
393000 143 -1315.901911509163 3270.9531777884954 9
394000 143 -1323.0896310995886 3276.3695129968637 10
395000 143 -1331.0759862000616 3282.387663228384 10
396000 143 -1339.0623413005346 3288.4058134599045 10
396553 -1
397000 142 -1347.0486964010076 3294.423963691425 10
398000 142 -1354.928803937075 3300.5805784446816 11
399000 142 -1363.5969222267488 3307.3528546732637 11
400000 142 -1372.2650405164227 3314.1251309018458 11
401000 142 -1380.9331588060966 3320.897407130428 11
402000 142 -1389.6012770957705 3327.66968335901 10
403000 142 -1397.4813846318377 3333.8262981122666 10
404000 142 -1405.361492167905 3339.9829128655233 9
405000 142 -1412.4535889503654 3345.523866143454 8
406000 142 -1418.7576749792192 3350.4491579460596 8
407000 142 -1425.061761008073 3355.374449748665 8
408000 142 -1431.3658470369269 3360.2997415512705 8
409000 142 -1437.6699330657807 3365.225033353876 8
410000 142 -1443.9740190946345 3370.1503251564814 8
411000 142 -1450.2781051234883 3375.075616959087 8
412000 142 -1456.5821911523421 3380.0009087616922 8
413000 142 -1462.886277181196 3384.9262005642977 8
414000 142 -1469.1903632100498 3389.851492366903 8
415000 142 -1475.4944492389036 3394.7767841695086 8
416000 142 -1481.7985352677574 3399.702075972114 8
417000 142 -1488.1026212966112 3404.6273677747195 9
418000 142 -1495.1947180790717 3410.1683210526503 8
419000 142 -1501.4988041079255 3415.0936128552557 8
420000 142 -1507.8028901367793 3420.018904657861 8
421000 142 -1514.1069761656331 3424.9441964604666 9
422000 142 -1521.1990729480935 3430.4851497383975 10
423000 142 -1529.0791804841608 3436.641764491654 10
424000 142 -1536.959288020228 3442.798379244911 10
425000 142 -1544.8393955562954 3448.9549939981675 11
426000 142 -1553.5075138459692 3455.7272702267496 10
427000 142 -1561.3876213820365 3461.8838849800063 11
428000 142 -1570.0557396717104 3468.6561612085884 10
429000 142 -1577.9358472077777 3474.812775961845 11
430000 142 -1586.6039654974516 3481.585052190427 11
431000 142 -1595.2720837871254 3488.3573284190093 12
432000 142 -1604.7282128304062 3495.745266122917 11
433000 142 -1613.39633112008 3502.5175423514993 11
434000 142 -1622.064449409754 3509.2898185800814 11
435000 142 -1630.7325676994278 3516.0620948086635 10
436000 142 -1638.612675235495 3522.21870956192 10
437000 142 -1646.4927827715624 3528.375324315177 9
438000 142 -1653.5848795540228 3533.9162775931077 8
439000 142 -1659.8889655828766 3538.841569395713 8
440000 142 -1666.1930516117304 3543.7668611983186 7
441000 142 -1671.7091268869774 3548.076491525598 6
442000 142 -1676.4371914086178 3551.770460377552 6
443000 142 -1681.1652559302581 3555.4644292295056 7
443634 1
444000 143 -1686.681331205505 3559.7740595567852 6
444970 -2
445000 141 -1691.473144265789 3563.3849496956977 6
446000 141 -1696.1360200345307 3567.1608720419968 6
447000 141 -1700.7988958032724 3570.9367943882958 5
448000 141 -1704.6846256105573 3574.083396343545 5
449000 141 -1708.5703554178422 3577.229998298794 6
450000 141 -1713.233231186584 3581.005920645093 6
451000 141 -1717.8961069553256 3584.781842991392 6
452000 141 -1722.5589827240674 3588.557765337691 7
453000 141 -1727.9990044542662 3592.96300807504 7
454000 141 -1733.439026184465 3597.368250812389 6
455000 141 -1738.1019019532068 3601.144173158688 5
456000 141 -1741.9876317604917 3604.290775113937 5
457000 141 -1745.8733615677766 3607.437377069186 5
458000 141 -1749.7590913750614 3610.583979024435 6
459000 141 -1754.4219671438032 3614.359901370734 7
460000 141 -1759.861988874002 3618.765144108083 7
461000 141 -1765.3020106042009 3623.170386845432 8
462000 141 -1771.5191782958566 3628.2049499738305 8
463000 141 -1777.7363459875123 3633.239513102229 9
464000 141 -1784.7306596406252 3638.9033966216775 9
465000 141 -1791.724973293738 3644.567280141126 9
466000 141 -1798.7192869468508 3650.2311636605746 8
467000 141 -1804.9364546385066 3655.265726788973 8
467413 2
468000 143 -1811.1536223301623 3660.3002899173716 8
469000 143 -1817.5427064105406 3665.114810102588 7
470000 143 -1823.1331549808717 3669.327515264652 6
471000 143 -1827.9249680411556 3672.9384054035645 5
472000 143 -1831.918145591392 3675.947480519325 5
472900 3
473000 146 -1835.9113231416284 3678.9565556350854 5
473634 -5
474000 141 -1840.0565110044035 3681.752520152439 5
475000 141 -1843.9422408116884 3684.899122107688 5
476000 141 -1847.8279706189733 3688.045724062937 6
477000 141 -1852.490846387715 3691.821646409236 6
478000 141 -1857.1537221564568 3695.597568755535 6
479000 141 -1861.8165979251985 3699.373491101834 6
480000 141 -1866.4794736939402 3703.149413448133 5
481000 141 -1870.365203501225 3706.296015403382 6
482000 141 -1875.0280792699668 3710.071937749681 7
483000 141 -1880.4681010001657 3714.47718048703 7
484000 141 -1885.9081227303645 3718.882423224379 7
485000 141 -1891.3481444605634 3723.287665961728 6
486000 141 -1896.0110202293051 3727.063588308027 5
487000 141 -1899.89675003659 3730.210190263276 6
487745 7
488000 148 -1904.5596258053317 3733.9861126095752 5
488918 -4
489000 144 -1908.799866286114 3736.635708930741 6
489654 -1
490000 143 -1913.6539682523635 3740.162420444496 7
491000 143 -1919.2444168226946 3744.3751256065602 8
492000 143 -1925.633500903073 3749.1896457917765 8
493000 143 -1932.0225849834512 3754.0041659769927 8
494000 143 -1938.4116690638295 3758.818686162209 9
495000 143 -1945.599388654255 3764.235021370577 8
496000 143 -1951.9884727346334 3769.0495415557934 9
497000 143 -1959.176192325059 3774.4658767641617 9
498000 143 -1966.3639119154846 3779.88221197253 10
498560 2
499000 145 -1974.3502670159576 3785.9003622040505 10
500000 145 -1982.5417874588475 3791.636126567561 11
501000 145 -1991.5524599460264 3797.9454673674227 11
502000 145 -2000.5631324332053 3804.2548081672844 10
503000 145 -2008.7546528760952 3809.990572530795 11
504000 145 -2017.765325363274 3816.2999133306566 10
505000 145 -2025.956845806164 3822.035677694167 10
506000 145 -2034.1483662490539 3827.7714420576776 10
507000 145 -2042.3398866919438 3833.507206421188 10
508000 145 -2050.531407134834 3839.2429707846986 10
509000 145 -2058.722927577724 3844.978735148209 11
510000 145 -2067.733600064903 3851.288075948071 11
511000 145 -2076.744272552082 3857.5974167479326 10
511312 -7
512000 138 -2084.935792994972 3863.333181111443 9
513000 138 -2091.6240964242684 3869.355356568673 9
514000 138 -2098.312399853565 3875.377532025903 9
515000 138 -2105.000703282861 3881.3997074831327 8
516000 138 -2110.94586188668 3886.7527523340036 9
517000 138 -2117.6341653159766 3892.7749277912335 10
518000 138 -2125.0656135707504 3899.466233854822 9
519000 138 -2131.753917000047 3905.4884093120518 10
520000 138 -2139.1853652548207 3912.17971537564 11
521000 138 -2147.359958335072 3919.5401520455875 11
522000 138 -2155.534551415323 3926.900588715535 10
523000 138 -2162.965999670097 3933.5918947791233 10
524000 138 -2170.397447924871 3940.2832008427117 9
525000 138 -2177.0857513541673 3946.3053762999416 9
526000 138 -2183.7740547834637 3952.3275517571715 10
527000 138 -2191.2055030382376 3959.01885782076 11
528000 138 -2199.380096118489 3966.3792944907073 11
529000 138 -2207.55468919874 3973.7397311606546 10
530000 138 -2214.986137453514 3980.431037224243 10
531000 138 -2222.417585708288 3987.1223432878314 9
532000 138 -2229.105889137584 3993.1445187450613 10
533000 138 -2236.537337392358 3999.8358248086497 10
534000 138 -2243.968785647132 4006.527130872238 11
535000 138 -2252.143378727383 4013.8875675421855 10
536000 138 -2259.574826982157 4020.578873605774 11
536511 9
537000 147 -2267.7494200624083 4027.9393102757213 12
537184 3
538000 150 -2277.8134668777534 4034.4749786959014 12
539000 150 -2288.2057717231664 4040.4749786959014 11
540000 150 -2297.7320511647954 4045.9749786959014 11
541000 150 -2307.2583306064244 4051.4749786959014 11
542000 150 -2316.7846100480533 4056.9749786959014 10
543000 150 -2325.4448640858977 4061.9749786959014 10
544000 150 -2334.105118123742 4066.9749786959014 11
545000 150 -2343.631397565371 4072.4749786959014 10
546000 150 -2352.2916516032155 4077.4749786959014 10
547000 150 -2360.95190564106 4082.4749786959014 10
548000 150 -2369.6121596789044 4087.4749786959014 11
549000 150 -2379.1384391205333 4092.9749786959014 12
550000 150 -2389.5307439659464 4098.974978695901 12
551000 150 -2399.92304881136 4104.974978695901 12
552000 150 -2410.3153536567734 4110.974978695901 11
553000 150 -2419.8416330984023 4116.474978695901 12
554000 150 -2430.2339379438154 4122.474978695901 11
555000 150 -2439.7602173854443 4127.974978695901 12
556000 150 -2450.1525222308574 4133.974978695901 13
557000 150 -2461.410852480055 4140.474978695901 12
557067 5
558000 155 -2471.8031573254684 4146.474978695901 11
559000 155 -2481.7725429828715 4151.1237795750485 11
560000 155 -2491.7419286402746 4155.772580454196 11
561000 155 -2501.7113142976777 4160.421381333344 11
562000 155 -2511.680699955081 4165.070182212491 11
563000 155 -2521.650085612484 4169.718983091639 11
563165 7
564000 162 -2531.619471269887 4174.367783970786 10
565000 162 -2541.1300364328386 4177.457953914535 9
566000 162 -2549.689545079495 4180.23910686391 9
567000 162 -2558.2490537261515 4183.020259813285 9
567368 7
568000 169 -2566.808562372808 4185.801412762659 9
569000 169 -2575.643207023837 4187.518693721048 9
570000 169 -2584.477851674866 4189.235974679437 8
571000 169 -2592.330869142447 4190.7624466424495 9
572000 169 -2601.1655137934763 4192.4797276008385 9
573000 169 -2610.0001584445054 4194.1970085592275 10
574000 169 -2619.816430278982 4196.105098512993 9
575000 169 -2628.651074930011 4197.822379471382 8
576000 169 -2636.504092397592 4199.348851434394 9
577000 169 -2645.338737048621 4201.066132392783 9
578000 169 -2654.1733816996502 4202.783413351172 9
579000 169 -2663.0080263506793 4204.500694309561 9
580000 169 -2671.8426710017084 4206.21797526795 10
581000 169 -2681.658942836185 4208.126065221716 10
582000 169 -2691.4752146706614 4210.034155175482 11
583000 169 -2702.273113688586 4212.133054124623 10
584000 169 -2712.0893855230624 4214.041144078389 10
585000 169 -2721.905657357539 4215.949234032155 10
586000 169 -2731.7219291920155 4217.857323985921 10
587000 169 -2741.538201026492 4219.765413939686 11
588000 169 -2752.3361000444165 4221.864312888828 11
589000 169 -2763.133999062341 4223.9632118379695 12
590000 169 -2774.913525263713 4226.252919782488 13
590703 3
591000 172 -2787.6746786485323 4228.733436722383 14
592000 172 -2801.5384316109144 4230.681860135824 15
593000 172 -2816.392452642038 4232.769456650225 16
594000 172 -2832.2367417419027 4234.996226265586 16
595000 172 -2848.0810308417676 4237.222995880948 17
596000 172 -2864.9155880103744 4239.588938597269 17
597000 172 -2881.7501451789813 4241.95488131359 17
598000 172 -2898.584702347588 4244.320824029911 16
599000 172 -2914.428991447453 4246.547593645272 16
600000 172 -2930.273280547318 4248.774363260633 16
601000 172 -2946.117569647183 4251.001132875995 16
602000 172 -2961.9618587470477 4253.227902491356 16
603000 172 -2977.8061478469126 4255.454672106717 17
604000 172 -2994.6407050155194 4257.820614823038 16
605000 172 -3010.4849941153843 4260.0473844384 16
606000 172 -3026.3292832152492 4262.274154053761 15
607000 172 -3041.1833042463727 4264.361750568162 14
608000 172 -3055.0470572087547 4266.310173981603 13
609000 172 -3067.9205421023953 4268.119424294084 12
610000 172 -3079.803758927294 4269.789501505605 11
611000 172 -3090.696707683451 4271.320405616166 10
612000 172 -3100.599388370867 4272.712136625766 9
613000 172 -3109.5118009895414 4273.964694534407 9
614000 172 -3118.4242136082157 4275.217252443047 10
615000 172 -3128.3268942956315 4276.608983452647 10
616000 172 -3138.2295749830473 4278.000714462248 9
617000 172 -3147.1419876017217 4279.253272370888 9
618000 172 -3156.054400220396 4280.505830279529 10
619000 172 -3165.957080907812 4281.897561289129 11
620000 172 -3176.850029663969 4283.42846539969 11
620628 -8
621000 164 -3187.7429784201263 4284.959369510251 10
621233 -8
622000 156 -3197.3555953795094 4287.715743068421 10
623000 156 -3206.4910499559355 4291.783109499179 10
624000 156 -3215.6265045323617 4295.850475929937 9
625000 156 -3223.848413651145 4299.511105717619 8
626000 156 -3231.156777312286 4302.764998862225 8
627000 156 -3238.465140973427 4306.018892006831 8
628000 156 -3245.773504634568 4309.272785151437 7
629000 156 -3252.168322838066 4312.119941652968 7
630000 156 -3258.5631410415644 4314.967098154499 6
631000 156 -3264.04441378742 4317.407518012954 6
632000 156 -3269.525686533276 4319.847937871409 6
633000 156 -3275.0069592791315 4322.288357729864 6
634000 156 -3280.488232024987 4324.72877758832 6
635000 156 -3285.969504770843 4327.169197446775 6
636000 156 -3291.4507775166985 4329.60961730523 6
637000 156 -3296.932050262554 4332.050037163685 7
638000 156 -3303.3268684660525 4334.897193665216 8
639000 156 -3310.6352321271934 4338.151086809822 8
640000 156 -3317.9435957883343 4341.404979954428 8
641000 156 -3325.251959449475 4344.658873099034 9
642000 156 -3333.4738685682587 4348.319502886717 9
643000 156 -3341.695777687042 4351.980132674399 9
644000 156 -3349.9176868058257 4355.6407624620815 9
645000 156 -3358.1395959246092 4359.301392249764 10
646000 156 -3367.2750505010354 4363.368758680522 10
647000 156 -3376.4105050774615 4367.43612511128 10
648000 156 -3385.5459596538876 4371.503491542037 10
649000 156 -3394.6814142303137 4375.570857972795 9
650000 156 -3402.9033233490973 4379.231487760478 10
651000 156 -3412.0387779255234 4383.2988541912355 10
652000 156 -3421.1742325019495 4387.366220621993 9
653000 156 -3429.396141620733 4391.026850409676 8
654000 156 -3436.704505281874 4394.280743554282 9
655000 156 -3444.9264144006574 4397.941373341964 8
656000 156 -3452.2347780617984 4401.19526648657 7
657000 156 -3458.6295962652966 4404.042422988101 8
658000 156 -3465.9379599264375 4407.296316132707 7
659000 156 -3472.332778129936 4410.143472634238 7
660000 156 -3478.727596333434 4412.990629135768 6
661000 156 -3484.20886907929 4415.431048994224 6
662000 156 -3489.6901418251455 4417.871468852679 5
663000 156 -3494.2578691133585 4419.905152068058 6
664000 156 -3499.739141859214 4422.345571926513 6
665000 156 -3505.22041460507 4424.785991784968 6
666000 156 -3510.7016873509256 4427.2264116434235 6
667000 156 -3516.1829600967812 4429.666831501879 5
668000 156 -3520.7506873849943 4431.700514717258 5
669000 156 -3525.3184146732074 4433.734197932637 5
670000 156 -3529.8861419614204 4435.7678811480155 5
671000 156 -3534.4538692496335 4437.801564363394 6
672000 156 -3539.935141995489 4440.24198422185 6
673000 156 -3545.416414741345 4442.682404080305 5
674000 156 -3549.984142029558 4444.716087295684 5
675000 156 -3554.551869317771 4446.749770511063 5
676000 156 -3559.119596605984 4448.783453726442 5
677000 156 -3563.687323894197 4450.8171369418205 5
678000 156 -3568.25505118241 4452.850820157199 6
678112 6
679000 162 -3573.736323928266 4455.291240015655 6
680000 162 -3579.442663026037 4457.1453419819045 7
681000 162 -3586.100058640103 4459.30846094253 7
682000 162 -3592.757454254169 4461.471579903155 6
683000 162 -3598.46379335194 4463.325681869404 6
684000 162 -3604.1701324497108 4465.179783835654 6
685000 162 -3609.8764715474817 4467.033885801904 5
686000 162 -3614.6317541289577 4468.578970773779 5
687000 162 -3619.3870367104337 4470.124055745653 6
688000 162 -3625.0933758082047 4471.978157711903 6
689000 162 -3630.7997149059756 4473.832259678153 7
690000 162 -3637.4571105200416 4475.995378638778 8
691000 162 -3645.0655626504026 4478.467514593777 8
692000 162 -3652.6740147807636 4480.939650548777 9
693000 162 -3661.23352342742 4483.720803498151 9
694000 162 -3669.7930320740766 4486.501956447526 8
694404 -8
695000 154 -3677.4014842044376 4488.9740924025255 7
696000 154 -3683.693042528532 4492.042690430049 6
697000 154 -3689.0858068063267 4494.672917310784 6
698000 154 -3694.4785710841215 4497.303144191519 5
699000 154 -3698.9725413156175 4499.494999925464 5
700000 154 -3703.4665115471134 4501.686855659409 5
701000 154 -3707.9604817786094 4503.878711393354 5
702000 154 -3712.4544520101053 4506.070567127299 6
703000 154 -3717.8472162879 4508.700794008034 5
704000 154 -3722.341186519396 4510.892649741979 5
705000 154 -3726.835156750892 4513.084505475924 5
706000 154 -3731.329126982388 4515.276361209869 5
707000 154 -3735.823097213884 4517.468216943814 5
708000 154 -3740.31706744538 4519.660072677759 6
709000 154 -3745.709831723175 4522.290299558494 6
710000 154 -3751.1025960009697 4524.9205264392285 5
711000 154 -3755.5965662324656 4527.1123821731735 6
712000 154 -3760.9893305102605 4529.742609053908 6
713000 154 -3766.3820947880554 4532.372835934643 5
714000 154 -3770.8760650195513 4534.564691668588 5
715000 154 -3775.3700352510473 4536.756547402533 5
716000 154 -3779.8640054825432 4538.948403136478 5
717000 154 -3784.357975714039 4541.140258870423 6
718000 154 -3789.750739991834 4543.770485751158 7
719000 154 -3796.0422983159283 4546.839083778682 8
720000 154 -3803.2326506863214 4550.346052952995 8
721000 154 -3810.4230030567146 4553.853022127308 7
722000 154 -3816.714561380809 4556.9216201548315 6
723000 154 -3822.1073256586037 4559.551847035566 5
724000 154 -3826.6012958900997 4561.743702769511 5
725000 154 -3831.0952661215956 4563.935558503456 6
726000 154 -3836.4880303993905 4566.565785384191 6
727000 154 -3841.8807946771853 4569.196012264926 7
727614 6
728000 160 -3848.1723530012796 4572.26461029245 7
728927 4
729000 164 -3854.750201346781 4574.658751295729 7
730000 164 -3861.4790332183493 4576.588212786449 6
731000 164 -3867.246603393979 4578.2420369213505 5
732000 164 -3872.052911873671 4579.620223700435 5
733000 164 -3876.8592203533626 4580.99841047952 5
734000 164 -3881.6655288330544 4582.376597258605 5
735000 164 -3886.471837312746 4583.75478403769 5
736000 164 -3891.278145792438 4585.132970816775 5
737000 164 -3896.0844542721297 4586.51115759586 6
738000 164 -3901.8520244477595 4588.164981730762 6
739000 164 -3907.6195946233893 4589.818805865663 6
740000 164 -3913.387164799019 4591.472630000565 6
741000 164 -3919.154734974649 4593.126454135467 7
742000 164 -3925.883566846217 4595.055915626186 6
743000 164 -3931.651137021847 4596.709739761088 7
744000 164 -3938.379968893415 4598.639201251807 6
745000 164 -3944.147539069045 4600.293025386709 6
746000 164 -3949.9151092446746 4601.946849521611 7
747000 164 -3956.643941116243 4603.87631101233 7
748000 164 -3963.372772987811 4605.805772503049 7
749000 164 -3970.101604859379 4607.735233993769 7
749435 1
750000 165 -3976.8304367309474 4609.664695484488 7
751000 165 -3983.591917514971 4611.476428800206 7
752000 165 -3990.3533982989948 4613.288162115924 8
753000 165 -3998.0808049093075 4615.358714476744 8
754000 165 -4005.8082115196203 4617.429266837565 8
755000 165 -4013.535618129933 4619.499819198385 8
756000 165 -4021.263024740246 4621.570371559205 8
757000 165 -4028.9904313505585 4623.640923920026 8
758000 165 -4036.7178379608713 4625.711476280846 9
759000 165 -4045.4111703974727 4628.040847686769 9
760000 165 -4054.104502834074 4630.3702190926915 9
760681 -8
761000 157 -4062.7978352706755 4632.699590498614 8
762000 157 -4070.161874098295 4635.8254395265285 9
763000 157 -4078.446417779367 4639.342019682932 9
764000 157 -4086.730961460439 4642.8585998393355 8
765000 157 -4094.0950002880586 4645.98444886725 9
766000 157 -4102.37954396913 4649.501029023653 10
767000 157 -4111.584592503655 4653.408340308546 10
768000 157 -4120.789641038179 4657.315651593439 10
769000 157 -4129.9946895727035 4661.222962878332 10
770000 157 -4139.199738107228 4665.130274163224 10
771000 157 -4148.404786641752 4669.037585448117 10
772000 157 -4157.609835176277 4672.94489673301 10
772109 2
773000 159 -4166.814883710801 4676.852208017903 9
774000 159 -4175.217107549276 4680.077519563811 9
775000 159 -4183.619331387751 4683.302831109719 9
776000 159 -4192.021555226226 4686.528142655627 10
777000 159 -4201.357359491199 4690.11182215108 10
778000 159 -4210.693163756171 4693.695501646533 11
779000 159 -4220.96254844764 4697.637549091531 12
780000 159 -4232.1655135656065 4701.937964486075 11
781000 159 -4242.4348982570755 4705.880011931073 10
782000 159 -4251.770702522048 4709.463691426526 10
783000 159 -4261.10650678702 4713.047370921979 9
784000 159 -4269.508730625495 4716.272682467887 9
785000 159 -4277.9109544639705 4719.497994013795 9
786000 159 -4286.3131783024455 4722.723305559703 10
787000 159 -4295.648982567418 4726.306985055156 11
788000 159 -4305.918367258887 4730.249032500154 11
789000 159 -4316.187751950356 4734.191079945152 12
790000 159 -4327.390717068322 4738.491495339696 12
791000 159 -4338.593682186289 4742.7919107342395 12
792000 159 -4349.796647304255 4747.0923261287835 11
793000 159 -4360.066031995724 4751.0343735737815 12
794000 159 -4371.268997113691 4755.3347889683255 12
795000 159 -4382.471962231657 4759.635204362869 12
796000 159 -4393.674927349623 4763.935619757413 13
797000 159 -4405.811472894087 4768.594403101502 12
798000 159 -4417.014438012054 4772.894818496046 12
799000 159 -4428.21740313002 4777.19523389059 12
800000 159 -4439.4203682479865 4781.495649285134 12
801000 159 -4450.623333365953 4785.796064679678 13
802000 159 -4462.759878910417 4790.454848023767 13
803000 159 -4474.896424454881 4795.113631367856 13
804000 159 -4487.0329699993445 4799.772414711945 13
805000 159 -4499.169515543808 4804.431198056034 14
805658 7
806000 166 -4512.23964151477 4809.448349349668 13
807000 166 -4524.853485956358 4812.593333992464 13
808000 166 -4537.467330397946 4815.73831863526 14
809000 166 -4551.05147056581 4819.125225173655 13
810000 166 -4563.665315007398 4822.270209816451 13
811000 166 -4576.279159448986 4825.415194459247 14
812000 166 -4589.86329961685 4828.802100997642 13
813000 166 -4602.477144058438 4831.947085640438 13
814000 166 -4615.0909885000265 4835.092070283234 13
815000 166 -4627.704832941615 4838.2370549260295 14
816000 166 -4641.288973109478 4841.623961464425 14
817000 166 -4654.873113277342 4845.01086800282 13
818000 166 -4667.48695771893 4848.155852645616 13
819000 166 -4680.1008021605185 4851.3008372884115 13
820000 166 -4692.714646602107 4854.445821931207 13
821000 166 -4705.328491043695 4857.590806574003 14
822000 166 -4718.912631211559 4860.977713112398 14
823000 166 -4732.496771379422 4864.364619650793 15
824000 166 -4747.051207273562 4867.993448084789 15
824620 4
825000 170 -4761.605643167702 4871.622276518784 15
825534 -9
826000 161 -4776.377759462885 4874.226999183788 15
826847 -6
827000 155 -4790.560538096875 4879.1105215006455 16
828000 155 -4805.061462689461 4885.872413688497 17
829000 155 -4820.468695069084 4893.056924138088 16
830000 155 -4834.969619661671 4899.818816325939 16
831000 155 -4849.470544254257 4906.58070851379 15
832000 155 -4863.065161059807 4912.919982439901 14
833000 155 -4875.75347007832 4918.836638104271 14
834000 155 -4888.441779096833 4924.75329376864 14
835000 155 -4901.130088115346 4930.66994943301 14
836000 155 -4913.8183971338585 4936.586605097379 15
837000 155 -4927.413013939408 4942.92587902349 15
838000 155 -4941.007630744958 4949.265152949601 14
839000 155 -4953.695939763471 4955.18180861397 14
840000 155 -4966.384248781984 4961.09846427834 14
840968 2
841000 157 -4979.072557800497 4967.015119942709 13
842000 157 -4991.039120895379 4972.09462461307 14
843000 157 -5003.926188843713 4977.56486041192 14
844000 157 -5016.8132567920475 4983.03509621077 13
845000 157 -5028.7798198869295 4988.11460088113 13
846000 157 -5040.746382981812 4993.194105551491 12
847000 157 -5051.7924412232405 4997.882879093362 11
848000 157 -5061.917994611217 5002.180921506744 10
848088 -9
849000 148 -5071.123043145742 5006.088232791637 9
850000 148 -5078.75547601115 5010.857506169736 10
851000 148 -5087.235956972714 5016.156698812068 9
852000 148 -5094.868389838122 5020.925972190166 9
853000 148 -5102.5008227035305 5025.695245568265 10
854000 148 -5110.981303665095 5030.994438210597 10
855000 148 -5119.461784626659 5036.293630852929 10
856000 148 -5127.942265588224 5041.592823495261 11
857000 148 -5137.270794645944 5047.421935401826 10
858000 148 -5145.751275607508 5052.721128044158 11
859000 148 -5155.079804665229 5058.550239950723 10
860000 148 -5163.560285626793 5063.849432593055 9
861000 148 -5171.1927184922015 5068.618705971154 8
862000 148 -5177.977103261453 5072.858060085019 8
863000 148 -5184.761488030704 5077.0974141988845 8
864000 148 -5191.545872799955 5081.33676831275 7
865000 148 -5197.48220947305 5085.046203162382 6
866000 148 -5202.570498049989 5088.225718747781 7
867000 148 -5208.506834723084 5091.935153597413 7
868000 148 -5214.4431713961785 5095.644588447045 8
869000 148 -5221.22755616543 5099.88394256091 8
870000 148 -5228.011940934681 5104.123296674776 9
870228 1
871000 149 -5235.644373800089 5108.892570052874 10
871165 -8
872000 141 -5244.21604680711 5114.042950801975 10
872391 -3
873000 138 -5251.987506421679 5120.336154712473 10
874000 138 -5259.418954676454 5127.027460776062 10
875000 138 -5266.850402931228 5133.718766839651 9
876000 138 -5273.538706360525 5139.74094229688 9
877000 138 -5280.227009789822 5145.76311775411 9
878000 138 -5286.915313219119 5151.785293211339 8
879000 138 -5292.860471822938 5157.13833806221 7
880000 138 -5298.06248560128 5161.8222523067225 6
881000 138 -5302.521354554145 5165.837035944875 6
882000 138 -5306.980223507009 5169.851819583028 5
883000 138 -5310.695947634396 5173.197472614823 5
883444 9
884000 147 -5314.4116717617835 5176.543125646617 6
885000 147 -5319.443695169456 5179.810959856707 6
886000 147 -5324.475718577129 5183.078794066797 5
887000 147 -5328.669071416855 5185.801989241872 5
888000 147 -5332.862424256582 5188.525184416948 6
889000 147 -5337.894447664255 5191.793018627038 7
890000 147 -5343.765141639872 5195.605491872143 7
891000 147 -5349.63583561549 5199.417965117248 7
892000 147 -5355.506529591107 5203.230438362353 7
893000 147 -5361.377223566725 5207.042911607458 7
894000 147 -5367.247917542342 5210.8553848525635 7
895000 147 -5373.11861151796 5214.667858097669 6
896000 147 -5378.150634925632 5217.9356923077585 7
897000 147 -5384.02132890125 5221.748165552864 8
898000 147 -5390.730693444813 5226.105277832984 8
899000 147 -5397.440057988377 5230.462390113104 7
899427 -3
900000 144 -5403.310751963994 5234.27486335821 7
901000 144 -5408.973870924619 5238.389360124257 8
902000 144 -5415.446006879619 5243.091642142597 7
903000 144 -5421.109125840244 5247.206138908645 7
904000 144 -5426.772244800869 5251.320635674692 7
905000 144 -5432.435363761494 5255.43513244074 7
905798 4
906000 148 -5438.098482722119 5259.549629206787 8
907000 148 -5444.88286749137 5263.788983320653 8
908000 148 -5451.667252260621 5268.028337434518 8
909000 148 -5458.4516370298725 5272.2676915483835 9
910000 148 -5466.084069895281 5277.036964926482 9
911000 148 -5473.716502760689 5281.806238304581 9
912000 148 -5481.348935626097 5286.5755116826795 8
913000 148 -5488.133320395348 5290.814865796545 9
914000 148 -5495.765753260756 5295.5841391746435 9
915000 148 -5503.398186126165 5300.353412552742 8
916000 148 -5510.182570895416 5304.5927666666075 7
917000 148 -5516.118907568511 5308.30220151624 7
918000 148 -5522.055244241606 5312.011636365872 7
919000 148 -5527.9915809147005 5315.721071215504 7
920000 148 -5533.9279175877955 5319.430506065136 8
921000 148 -5540.712302357047 5323.669860179001 9
922000 148 -5548.344735222455 5328.4391335571 9
922856 -2
923000 146 -5555.977168087863 5333.208406935199 10
924000 146 -5564.267543813414 5338.800335969906 10
924041 -6
925000 140 -5572.557919538965 5344.392265004613 9
926000 140 -5579.452319527036 5350.177353491792 10
927000 140 -5587.1127639582255 5356.6052295886575 10
928000 140 -5594.773208389415 5363.033105685523 10
929000 140 -5602.433652820605 5369.460981782388 9
930000 140 -5609.328052808676 5375.246070269567 8
931000 140 -5615.456408353628 5380.38837114706 7
932000 140 -5620.818719455461 5384.887884414866 6
932346 -8
933000 132 -5625.414986114175 5388.744610072985 5
934000 132 -5628.760639145969 5392.460334200372 5
935000 132 -5632.106292177764 5396.176058327759 6
936000 132 -5636.121075815917 5400.634927280624 5
937000 132 -5639.466728847711 5404.350651408011 5
938000 132 -5642.812381879506 5408.066375535398 5
938801 4
939000 136 -5646.1580349113 5411.782099662785 5
940000 136 -5649.754733912993 5415.25539151508 5
941000 136 -5653.3514329146865 5418.728683367375 6
942000 136 -5657.667471716718 5422.89663359013 7
942200 -9
943000 127 -5662.702850319089 5427.759242183342 8
944000 127 -5667.517370504305 5434.148326263721 7
945000 127 -5671.73007566637 5439.7387748340525 8
946000 127 -5676.544595851587 5446.127858914431 8
947000 127 -5681.359116036803 5452.51694299481 7
947742 3
948000 130 -5685.571821198868 5458.107391565141 7
949000 130 -5690.071334466674 5463.469702666975 8
950000 130 -5695.2136353441665 5469.598058211926 9
951000 130 -5700.998723831345 5476.492458199998 8
951211 -1
952000 129 -5706.141024708838 5482.620813744949 8
953000 129 -5711.175587837237 5488.837981436605 8
954000 129 -5716.210150965636 5495.055149128261 8
955000 129 -5721.244714094035 5501.272316819917 7
956000 129 -5725.649956831384 5506.712338550116 7
957000 129 -5730.055199568733 5512.152360280315 8
958000 129 -5735.089762697132 5518.369527971971 9
959000 129 -5740.753646216581 5525.363841625084 8
960000 129 -5745.78820934498 5531.58100931674 9
961000 129 -5751.452092864429 5538.575322969853 10
962000 129 -5757.745296774927 5546.346782584423 10
963000 129 -5764.038500685425 5554.118242198992 10
964000 129 -5770.331704595923 5561.889701813562 9
965000 129 -5775.995588115372 5568.884015466675 8
965901 -9
966000 120 -5781.030151243771 5575.101183158331 7
967000 120 -5784.530151243771 5581.163360984822 6
968000 120 -5787.530151243771 5586.3595134075285 7
969000 120 -5791.030151243771 5592.42169123402 7
970000 120 -5794.530151243771 5598.483869060511 6
971000 120 -5797.530151243771 5603.680021483217 6
972000 120 -5800.530151243771 5608.876173905924 6
973000 120 -5803.530151243771 5614.07232632863 6
974000 120 -5806.530151243771 5619.268478751336 6
975000 120 -5809.530151243771 5624.464631174043 6
976000 120 -5812.530151243771 5629.660783596749 5
977000 120 -5815.030151243771 5633.990910615671 6
978000 120 -5818.030151243771 5639.187063038377 5
979000 120 -5820.530151243771 5643.5171900573 5
979880 6
980000 126 -5823.030151243771 5647.847317076222 5
981000 126 -5825.969077505233 5651.892402048096 6
982000 126 -5829.495789018988 5656.746504014346 6
983000 126 -5833.022500532743 5661.600605980596 6
983162 8
984000 134 -5836.549212046498 5666.454707946846 6
985000 134 -5840.717162269252 5670.770746748877 6
986000 134 -5844.885112492007 5675.086785550909 6
987000 134 -5849.053062714761 5679.40282435294 5
988000 134 -5852.526354567056 5682.999523354633 5
989000 134 -5855.999646419351 5686.5962223563265 5
990000 134 -5859.472938271646 5690.19292135802 5
991000 134 -5862.946230123941 5693.789620359713 5
992000 134 -5866.419521976236 5697.386319361406 5
993000 134 -5869.892813828531 5700.983018363099 5
993224 -1
994000 133 -5873.366105680826 5704.5797173647925 5
995000 133 -5876.776097481138 5708.236485872888 5
996000 133 -5880.18608928145 5711.893254380983 5
997000 133 -5883.596081081762 5715.550022889079 5
998000 133 -5887.0060728820745 5719.206791397174 5
999000 133 -5890.416064682387 5722.8635599052695 5
