1000 123 417.0089706148347 996.2253762473997 11
2000 123 411.0179412296694 1005.4507524947994 12
2178 -2
3000 125 404.4822728094891 1015.5147993101446 11
4000 125 398.1729320096276 1024.5254717973235 11
5000 125 391.86359120976607 1033.5361442845024 12
6000 125 384.9806739735535 1043.3659688159703 12
7000 125 378.09775673734094 1053.1957933474382 13
7913 -6
8000 131 370.6412630647774 1063.8447699231951 12
9000 131 362.7685547168913 1072.9012848858683 11
10000 131 355.5519053979957 1081.2030902683189 11
11000 131 348.33525607910013 1089.5048956507694 11
12000 131 341.11860676020456 1097.80670103322 11
12150 5
13000 126 333.901957441309 1106.1085064156705 12
14000 126 326.8485344137993 1115.8167103481699 11
15000 126 320.3828966385821 1124.7158972862942 11
16000 126 313.9172588633649 1133.6150842244185 12
17000 126 306.86383583585524 1143.323288156918 11
18000 126 300.39819806063804 1152.2224750950422 11
19000 126 293.93256028542083 1161.1216620331666 10
19532 4
20000 122 288.0547077624961 1169.211831976916 10
21000 122 282.75551512016403 1177.6923129384804 10
22000 122 277.456322477832 1186.1727939000448 9
23000 122 272.68704909973314 1193.8052267654525 9
24000 122 267.9177757216343 1201.4376596308603 9
25000 122 263.1485023435355 1209.070092496268 8
26000 122 258.9091482296698 1215.8544772655193 7
26686 6
27000 116 255.1997133800374 1221.7908139386143 6
28000 116 252.56948649930294 1227.1835782164094 6
28464 8
29000 108 249.93925961856849 1232.5763424942045 7
30000 108 247.77614065794384 1239.2337381082705 8
31000 108 245.30400470294427 1246.8421902386317 7
32000 108 243.14088574231963 1253.4995858526977 6
33000 108 241.28678377606994 1259.2059249504687 6
34000 108 239.43268180982025 1264.9122640482396 5
35000 108 237.88759683794552 1269.6675466297154 5
36000 108 236.3425118660708 1274.4228292111911 5
37000 108 234.79742689419606 1279.1781117926669 6
38000 108 232.94332492794638 1284.8844508904378 5
39000 108 231.39823995607165 1289.6397334719136 5
40000 108 229.85315498419692 1294.3950160533893 5
41000 108 228.3080700123222 1299.150298634865 5
42000 108 226.76298504044746 1303.9055812163408 5
43000 108 225.21790006857273 1308.6608637978165 5
44000 108 223.672815096698 1313.4161463792923 5
45000 108 222.12773012482327 1318.171428960768 5
46000 108 220.58264515294854 1322.9267115422438 5
47000 108 219.03756018107381 1327.6819941237195 6
48000 108 217.18345821482413 1333.3883332214905 6
49000 108 215.32935624857444 1339.0946723192615 6
50000 108 213.47525428232476 1344.8010114170324 6
51000 108 211.62115231607507 1350.5073505148034 5
52000 108 210.07606734420034 1355.2626330962792 5
53000 108 208.5309823723256 1360.017915677755 5
54000 108 206.98589740045088 1364.7731982592306 5
55000 108 205.44081242857615 1369.5284808407064 6
56000 108 203.58671046232647 1375.2348199384774 5
57000 108 202.04162549045174 1379.990102519953 5
58000 108 200.496540518577 1384.7453851014288 5
59000 108 198.95145554670228 1389.5006676829046 5
60000 108 197.40637057482755 1394.2559502643803 5
61000 108 195.86128560295282 1399.011232845856 5
62000 108 194.3162006310781 1403.7665154273318 6
63000 108 192.4620986648284 1409.4728545251028 7
64000 108 190.29897970420376 1416.1302501391688 7
65000 108 188.13586074357912 1422.7876457532348 7
66000 108 185.97274178295447 1429.4450413673007 7
67000 108 183.80962282232983 1436.1024369813667 7
68000 108 181.64650386170518 1442.7598325954327 7
69000 108 179.48338490108054 1449.4172282094987 6
70000 108 177.62928293483085 1455.1235673072697 7
71000 108 175.4661639742062 1461.7809629213357 7
72000 108 173.30304501358157 1468.4383585354017 7
73000 108 171.13992605295692 1475.0957541494677 7
74000 108 168.97680709233228 1481.7531497635337 8
75000 108 166.5046711373327 1489.3616018938949 7
76000 108 164.34155217670806 1496.0189975079609 8
77000 108 161.8694162217085 1503.627449638322 9
78000 108 159.08826327233396 1512.1869582849786 8
78452 3
79000 105 156.6161273173344 1519.7954104153398 9
80000 105 154.2867559114117 1528.4887428519414 9
81000 105 151.957384505489 1537.182075288543 9
82000 105 149.6280130995663 1545.8754077251447 9
83000 105 147.2986416936436 1554.5687401617463 9
84000 105 144.9692702877209 1563.262072598348 9
84170 -4
85000 109 142.6398988817982 1571.9554050349495 8
86000 109 140.03535364614095 1579.5195536397441 8
87000 109 137.4308084104837 1587.0837022445387 8
88000 109 134.82626317482647 1594.6478508493333 8
89000 109 132.22171793916922 1602.2119994541279 9
90000 109 129.29160454905482 1610.7216666345216 8
90896 -3
91000 112 126.68705931339757 1618.2858152393162 7
92000 112 124.06481315948618 1624.7761022212837 7
93000 112 121.44256700557479 1631.2663892032513 7
94000 112 118.8203208516634 1637.7566761852188 7
95000 112 116.198074697752 1644.2469631671863 7
95192 6
96000 106 113.57582854384061 1650.7372501491539 8
97000 106 111.37072969730463 1658.4273437166603 8
98000 106 109.16563085076864 1666.117437284167 8
99000 106 106.96053200423265 1673.8075308516736 9
100000 106 104.47979580187966 1682.4588861151185 10
101000 106 101.72342224370966 1692.0715030745016 11
101072 -9
102000 115 98.69141132972267 1702.6453817298232 12
103000 115 93.61999218883427 1713.521075174263 11
104000 115 88.97119130968659 1723.490460831666 11
105000 115 84.32239043053889 1733.4598464890692 12
106000 115 79.2509712896505 1744.335539933509 12
107000 115 74.1795521487621 1755.2112333779487 11
108000 115 69.5307512696144 1765.1806190353518 12
109000 115 64.459332128726 1776.0563124797916 12
109099 -7
110000 122 59.38791298783761 1786.9320059242314 12
111000 122 53.02888181703915 1797.1085830781085 12
111909 -1
112000 123 46.66985064624069 1807.2851602319856 12
113000 123 40.13418222606036 1817.3492070473308 11
114000 123 34.14315284089506 1826.5745832947305 11
115000 123 28.152123455729765 1835.7999595421302 12
116000 123 21.61645503554944 1845.8640063574753 12
117000 123 15.080786615369114 1855.9280531728205 11
118000 123 9.089757230203816 1865.1534294202202 11
119000 123 3.0987278450385176 1874.3788056676199 11
120000 123 -2.8923015401267804 1883.6041819150196 11
121000 123 -8.883330925292078 1892.8295581624193 12
122000 123 -15.418999345472404 1902.8936049777644 11
123000 123 -21.410028730637702 1912.1189812251641 12
124000 123 -27.945697150818027 1922.1830280405093 11
125000 123 -33.936726535983325 1931.408404287909 11
126000 123 -39.92775592114862 1940.6337805353087 11
127000 123 -45.91878530631392 1949.8591567827084 11
127684 -1
128000 124 -51.90981469147922 1959.084533030108 11
129000 124 -58.060936629657434 1968.2039463282135 12
130000 124 -64.7712514713064 1978.152397198874 13
131000 124 -72.04075921642611 1988.9298856420896 13
132000 124 -79.31026696154582 1999.7073740853052 14
133000 124 -87.13896761013628 2011.313900101076 15
134000 124 -95.52686116219748 2023.7494636894014 14
135000 124 -103.35556181078793 2035.355989705172 14
136000 124 -111.18426245937839 2046.9625157209427 14
137000 124 -119.01296310796884 2058.569041736713 14
138000 124 -126.8416637565593 2070.175567752484 13
139000 124 -134.111171501679 2080.9530561956994 13
140000 124 -141.3806792467987 2091.730544638915 12
141000 124 -148.09099408844767 2101.6789955095755 12
142000 124 -154.80130893009664 2111.627446380236 13
143000 124 -162.07081667521635 2122.4049348234516 14
144000 124 -169.8995173238068 2134.0114608392223 14
145000 124 -177.72821797239726 2145.617986854993 13
146000 124 -184.99772571751697 2156.3954752982086 12
146438 -2
147000 126 -191.70804055916594 2166.343926168869 11
148000 126 -198.17367833438314 2175.2431131069934 11
149000 126 -204.63931610960034 2184.1423000451177 11
150000 126 -211.10495388481755 2193.041486983242 10
151000 126 -216.9828064077423 2201.1316569269916 9
152000 126 -222.27287367837454 2208.4128098763663 9
153000 126 -227.5629409490068 2215.693962825741 10
154000 126 -233.44079347193153 2223.7841327694905 10
155000 126 -239.31864599485627 2231.87430271324 11
156000 126 -245.78428377007347 2240.7734896513643 11
157000 126 -252.24992154529068 2249.6726765894887 11
158000 126 -258.71555932050785 2258.571863527613 12
159000 126 -265.7689823480175 2268.280067460112 13
159821 -8
160000 134 -273.41019062781965 2278.7972883869866 14
161000 134 -283.1354078142456 2288.868045591728 15
162000 134 -293.55528337113054 2299.6581425968075 14
163000 134 -303.2805005575565 2309.728899801549 14
164000 134 -313.0057177439824 2319.79965700629 14
165000 134 -322.73093493040835 2329.8704142110314 15
166000 134 -333.1508104872933 2340.660511216111 14
167000 134 -342.87602767371925 2350.7312684208523 14
168000 134 -352.6012448601452 2360.8020256255936 13
169000 134 -361.63180367611216 2370.153443029996 13
170000 134 -370.6623624920791 2379.504860434399 14
171000 134 -380.38757967850506 2389.57561763914 14
172000 134 -390.112796864931 2399.6463748438814 14
173000 134 -399.83801405135694 2409.7171320486227 15
173668 3
174000 131 -410.2578896082419 2420.5072290537023 15
175000 131 -420.0987750430995 2431.8278727570437 16
176000 131 -430.59571950694766 2443.903226040608 15
177000 131 -440.4366049418053 2455.2238697439493 16
178000 131 -450.9335494056534 2467.2992230275136 15
179000 131 -460.77443484051105 2478.619866730855 15
180000 131 -470.6153202753687 2489.9405104341963 14
181000 131 -479.8001466812358 2500.5064445573153 15
182000 131 -489.6410321160934 2511.8270882606566 15
183000 131 -499.48191755095104 2523.147731963998 15
184000 131 -509.32280298580866 2534.4683756673394 15
185000 131 -519.1636884206663 2545.7890193706808 15
186000 131 -529.0045738555239 2557.109663074022 15
187000 131 -538.8454592903814 2568.4303067773635 16
188000 131 -549.3424037542295 2580.5056600609278 15
189000 131 -559.1832891890871 2591.826303764269 16
190000 131 -569.6802336529352 2603.9016570478334 17
191000 131 -580.8332371457738 2616.7317199116205 18
192000 131 -592.6422996676029 2630.3164923556305 17
193000 131 -603.7953031604414 2643.1465552194177 18
194000 131 -615.6043656822706 2656.7313276634277 18
195000 131 -627.4134282040997 2670.3161001074377 18
196000 131 -639.2224907259288 2683.9008725514477 18
197000 131 -651.0315532477579 2697.4856449954577 18
198000 131 -662.840615769587 2711.0704174394677 17
199000 131 -673.9936192624256 2723.900480303255 18
200000 131 -685.8026817842547 2737.485252747265 19
201000 131 -698.2678033350743 2751.8247347714973 19
202000 131 -710.7329248858939 2766.1642167957298 18
203000 131 -722.541987407723 2779.74898923974 19
204000 131 -735.0071089585426 2794.088471263972 19
205000 131 -747.4722305093622 2808.4279532882047 19
206000 131 -759.9373520601819 2822.767435312437 20
207000 131 -773.058532639992 2837.8616269168924 20
208000 131 -786.1797132198021 2852.9558185213477 21
209000 131 -799.9569528286028 2868.804719706026 20
209921 -3
210000 134 -813.0781334084129 2883.8989113104813 19
211000 134 -826.2766424471339 2897.5663675169158 18
212000 134 -838.7804931153959 2910.5144839230115 18
212366 -9
213000 143 -851.2843437836578 2923.4626003291073 18
214000 143 -865.6597829645091 2934.2952707458444 18
215000 143 -880.0352221453603 2945.1279411625815 19
216000 143 -895.2092968362589 2956.56242660247 20
217000 143 -911.1820070372047 2968.598727065511 20
218000 143 -927.1547172381505 2980.6350275285517 19
219000 143 -942.3287919290491 2992.0695129684404 19
220000 143 -957.5028666199477 3003.503998408329 19
221000 143 -972.6769413108462 3014.938483848218 20
222000 143 -988.6496515117921 3026.9747843112586 20
223000 143 -1004.6223617127379 3039.0110847742994 20
224000 143 -1020.5950719136837 3051.04738523734 19
225000 143 -1035.7691466045821 3062.481870677229 19
226000 143 -1050.9432212954807 3073.9163561171176 18
227000 143 -1065.318660476332 3084.7490265338547 18
228000 143 -1079.6940996571834 3095.581696950592 17
228329 9
229000 134 -1093.2709033279873 3105.8125523441768 17
230000 134 -1105.0800956257901 3118.041328949934 16
231000 134 -1116.194629553134 3129.550765755352 15
232000 134 -1126.614505110019 3140.3408627604317 15
233000 134 -1137.034380666904 3151.1309597655113 15
234000 134 -1147.4542562237891 3161.921056770591 16
235000 134 -1158.568790151133 3173.430493576009 17
236000 134 -1170.3779824489359 3185.6592701817663 17
237000 134 -1182.1871747467387 3197.8880467875233 18
238000 134 -1194.6910254150007 3210.836163193619 17
239000 134 -1206.5002177128035 3223.064939799376 18
240000 134 -1219.0040683810655 3236.013056205472 17
241000 134 -1230.8132606788683 3248.241832811229 17
242000 134 -1242.6224529766712 3260.470609416986 17
243000 134 -1254.431645274474 3272.699386022743 17
244000 134 -1266.2408375722769 3284.9281626285 17
245000 134 -1278.0500298700797 3297.156939234257 17
246000 134 -1289.8592221678825 3309.385715840014 18
247000 134 -1302.3630728361445 3322.33383224611 19
247205 -2
248000 136 -1315.5615818748654 3336.0012884525445 20
249000 136 -1329.9483778816384 3349.8944558617245 20
250000 136 -1344.3351738884114 3363.7876232709045 19
251000 136 -1358.0026300948457 3376.9861323096256 20
252000 136 -1372.3894261016187 3390.8792997188057 19
253000 136 -1386.056882308053 3404.077808757527 19
254000 136 -1399.7243385144873 3417.276317796248 19
255000 136 -1413.3917947209216 3430.474826834969 20
256000 136 -1427.7785907276946 3444.367994244149 19
257000 136 -1441.4460469341288 3457.56650328287 18
258000 136 -1454.3941633402246 3470.070353951132 17
259000 136 -1466.6229399459817 3481.8795462489347 18
260000 136 -1479.5710563520774 3494.3833969171965 19
261000 136 -1493.2385125585117 3507.5819059559176 18
262000 136 -1506.1866289646075 3520.0857566241793 18
263000 136 -1519.1347453707033 3532.589607292441 18
263530 -6
264000 142 -1532.082861776799 3545.093457960703 19
265000 142 -1547.0550660953268 3556.7910259918904 18
266000 142 -1561.2392596602479 3567.872932547752 17
267000 142 -1574.635442471562 3578.3391776282883 18
268000 142 -1588.8196360364832 3589.42108418415 17
269000 142 -1602.2158188477974 3599.8873292646863 18
270000 142 -1616.4000124127185 3610.969235820548 18
271000 142 -1630.5842059776396 3622.0511423764096 17
272000 142 -1643.9803887889539 3632.517387456946 17
273000 142 -1657.376571600268 3642.983632537482 17
274000 142 -1670.7727544115824 3653.4498776180185 17
275000 142 -1684.1689372228966 3663.916122698555 18
276000 142 -1698.3531307878177 3674.9980292544165 18
277000 142 -1712.5373243527388 3686.079935810278 19
278000 142 -1727.5095286712665 3697.7775038414657 19
279000 142 -1742.4817329897942 3709.475071872653 19
280000 142 -1757.4539373083219 3721.1726399038407 18
281000 142 -1771.638130873243 3732.2545464597024 18
282000 142 -1785.822324438164 3743.336453015564 18
283000 142 -1800.0065180030851 3754.4183595714258 18
284000 142 -1814.1907115680062 3765.5002661272874 18
285000 142 -1828.3749051329273 3776.582172683149 18
286000 142 -1842.5590986978484 3787.664079239011 19
287000 142 -1857.5313030163761 3799.3616472701983 20
288000 142 -1873.2915180885107 3811.6748767767117 21
289000 142 -1889.8397439142518 3824.6037677585505 21
289158 -6
290000 148 -1906.387969739993 3837.5326587403893 20
291000 148 -1923.3489316631214 3848.131044025053 20
292000 148 -1940.30989358625 3858.729429309717 21
293000 148 -1958.1189036055348 3869.857733858614 21
294000 148 -1975.9279136248197 3880.9860384075114 21
295000 148 -1993.7369236441045 3892.1143429564086 20
296000 148 -2010.697885567233 3902.7127282410725 21
297000 148 -2028.5068955865179 3913.8410327899696 22
298000 148 -2047.1639537019591 3925.4992566031 21
299000 148 -2064.972963721244 3936.6275611519973 22
300000 148 -2083.6300218366855 3948.2857849651277 22
301000 148 -2102.287079952127 3959.944008778258 22
302000 148 -2120.9441380675685 3971.6022325913887 22
303000 148 -2139.60119618301 3983.260456404519 22
304000 148 -2158.2582542984514 3994.9186802176496 22
304342 9
305000 139 -2176.915312413893 4006.57690403078 22
306000 139 -2193.518923178794 4021.0102026685713 21
307000 139 -2209.367824363472 4034.787442277372 20
308000 139 -2224.4620159679275 4047.9086228571823 21
309000 139 -2240.3109171526057 4061.685862465983 20
310000 139 -2255.405108757061 4074.8070430457933 20
311000 139 -2270.4993003615164 4087.9282236256036 20
311397 5
312000 134 -2285.5934919659717 4101.049404205413 20
313000 134 -2299.4866593751517 4115.436200212186 20
314000 134 -2313.3798267843317 4129.822996218959 20
315000 134 -2327.2729941935117 4144.209792225732 21
316000 134 -2341.8608199731507 4159.315928032844 21
317000 134 -2356.4486457527896 4174.422063839956 22
318000 134 -2371.7311299028875 4190.247539447406 22
319000 134 -2387.0136140529853 4206.073015054856 21
320000 134 -2401.6014398326242 4221.179150861968 21
321000 134 -2416.189265612263 4236.28528666908 21
322000 134 -2430.777091391902 4251.391422476192 21
323000 134 -2445.364917171541 4266.497558283304 20
324000 134 -2459.258084580721 4280.884354290077 20
325000 134 -2473.151251989901 4295.27115029685 20
326000 134 -2487.044419399081 4309.657946303622 20
327000 134 -2500.937586808261 4324.044742310395 20
328000 134 -2514.830754217441 4338.431538317168 19
329000 134 -2528.0292632561623 4352.098994523602 18
330000 134 -2540.533113924424 4365.047110929698 17
330165 -3
331000 137 -2552.342306222227 4377.275887535455 17
332000 137 -2564.7753191497527 4388.869859656517 17
333000 137 -2577.2083320772786 4400.46383177758 17
334000 137 -2589.6413450048044 4412.057803898642 18
334916 9
335000 128 -2602.8057116339496 4424.333774379767 17
336000 128 -2613.271956714486 4437.729957191082 17
337000 128 -2623.738201795022 4451.126140002396 18
338000 128 -2634.820108350884 4465.310333567317 18
339000 128 -2645.9020149067455 4479.494527132238 17
340000 128 -2656.368259987282 4492.890709943552 16
341000 128 -2666.2188435924922 4505.4988820012595 17
342000 128 -2676.6850886730285 4518.895064812574 16
343000 128 -2686.535672278239 4531.503236870281 15
344000 128 -2695.770594408124 4543.323398174382 15
345000 128 -2705.005516538009 4555.143559478483 15
346000 128 -2714.240438667894 4566.9637207825845 15
347000 128 -2723.475360797779 4578.7838820866855 15
348000 128 -2732.710282927664 4590.6040433907865 16
349000 128 -2742.5608665328746 4603.212215448494 17
350000 128 -2753.027111613411 4616.608398259808 16
351000 128 -2762.8776952186213 4629.216570317516 16
352000 128 -2772.7282788238317 4641.824742375224 17
353000 128 -2783.194523904368 4655.220925186538 17
354000 128 -2793.6607689849043 4668.617107997852 16
355000 128 -2803.5113525901147 4681.22528005556 16
356000 128 -2813.361936195325 4693.833452113267 15
357000 128 -2822.59685832521 4705.653613417368 14
357000 -8
358000 136 -2831.2161189797694 4716.685763967863 14
359000 136 -2841.2868761845107 4726.4109811542885 15
360000 136 -2852.0769731895903 4736.8308567111735 16
361000 136 -2863.5864099950086 4747.945390638518 15
362000 136 -2874.376507000088 4758.365266195403 15
363000 136 -2885.1666040051678 4768.785141752288 16
364000 136 -2896.676040810586 4779.899675679632 15
364082 6
365000 130 -2907.4661378156657 4790.319551236517 15
366000 130 -2917.107951960964 4801.810217883302 16
367000 130 -2927.3925537159485 4814.066928973206 15
368000 130 -2937.0343678612467 4825.557595619991 15
369000 130 -2946.676182006545 4837.048262266776 15
370000 130 -2956.317996151843 4848.538928913561 15
371000 130 -2965.9598102971413 4860.029595560346 14
372000 130 -2974.9588368327527 4870.754217764012 13
373000 130 -2983.3150757586777 4880.712795524559 13
374000 130 -2991.6713146846027 4890.671373285106 13
375000 130 -3000.027553610528 4900.629951045653 13
376000 130 -3008.383792536453 4910.5885288062 14
377000 130 -3017.382819072064 4921.313151009866 15
378000 130 -3027.0246332173624 4932.803817656651 14
379000 130 -3036.023659752974 4943.528439860316 13
380000 130 -3044.379898678899 4953.487017620863 12
381000 130 -3052.0933499951375 4962.679550938291 12
382000 130 -3059.806801311376 4971.872084255719 12
383000 130 -3067.520252627615 4981.064617573146 12
384000 130 -3075.2337039438535 4990.257150890574 12
385000 130 -3082.947155260092 4999.449684208002 13
386000 130 -3091.303394186017 5009.408261968549 12
387000 130 -3099.016845502256 5018.600795285976 12
388000 130 -3106.7302968184945 5027.793328603404 12
389000 130 -3114.443748134733 5036.985861920832 12
390000 130 -3122.157199450972 5046.178395238259 12
391000 130 -3129.8706507672105 5055.370928555687 12
392000 130 -3137.584102083449 5064.563461873115 13
393000 130 -3145.940341009374 5074.522039633662 13
394000 130 -3154.296579935299 5084.480617394209 13
395000 130 -3162.652818861224 5094.439195154756 14
395697 -9
396000 139 -3171.6518453968356 5105.1638173584215 14
397000 139 -3182.2177795199545 5114.348643764289 14
398000 139 -3192.7837136430735 5123.533470170156 14
399000 139 -3203.3496477661924 5132.718296576023 15
400000 139 -3214.670291469534 5142.55918201088 15
401000 139 -3225.990935172875 5152.4000674457375 14
402000 139 -3236.556869295994 5161.584893851605 13
403000 139 -3246.36809383889 5170.113661228481 13
404000 139 -3256.1793183817863 5178.642428605357 12
405000 139 -3265.2358333444595 5186.515136953243 13
405322 -2
406000 141 -3275.0470578873555 5195.043904330119 12
407000 141 -3284.372809424839 5202.595749022717 12
408000 141 -3293.6985609623225 5210.147593715315 12
409000 141 -3303.024312499806 5217.6994384079135 13
410000 141 -3313.127209998747 5225.8806034915615 13
411000 141 -3323.2301074976876 5234.0617685752095 13
412000 141 -3333.3330049966285 5242.2429336588575 14
413000 141 -3344.213048457026 5251.0534191335555 15
414000 141 -3355.8702378788807 5260.4932249993035 14
415000 141 -3366.7502813392784 5269.3037104740015 14
416000 141 -3377.630324799676 5278.1141959486995 15
417000 141 -3389.2875142215307 5287.5540018144475 15
418000 141 -3400.9447036433853 5296.9938076801955 16
419000 141 -3413.379039026697 5307.0629339369925 15
420000 141 -3425.0362284485514 5316.5027398027405 15
421000 141 -3436.693417870406 5325.9425456684885 16
422000 141 -3449.1277532537174 5336.011671925286 16
423000 141 -3461.562088637029 5346.080798182083 16
424000 141 -3473.9964240203403 5356.14992443888 16
424893 -5
425000 146 -3486.430759403652 5366.219050695677 16
426000 146 -3499.6953605645326 5375.166137151209 15
427000 146 -3512.1309241528584 5383.554030703271 14
428000 146 -3523.737450168629 5391.382731351861 14
429000 146 -3535.3439761843997 5399.211432000452 14
430000 146 -3546.9505022001704 5407.040132649043 15
431000 146 -3559.386065788496 5415.428026201104 14
432000 146 -3570.992591804267 5423.256726849695 14
433000 146 -3582.5991178200375 5431.085427498286 15
434000 146 -3595.034681408363 5439.473321050347 16
435000 146 -3608.299282569244 5448.42040750588 16
436000 146 -3621.563883730125 5457.367493961412 15
437000 146 -3633.9994473184506 5465.755387513474 14
438000 146 -3645.6059733342213 5473.584088162064 14
439000 146 -3657.212499349992 5481.412788810655 15
440000 146 -3669.6480629383177 5489.8006823627165 15
440519 -6
441000 152 -3682.0836265266435 5498.188575914778 16
442000 152 -3696.2107880123863 5505.700120919352 15
443000 152 -3709.4550019052704 5512.742194361141 15
444000 152 -3722.6992157981545 5519.784267802929 15
445000 152 -3735.9434296910385 5526.826341244718 14
446000 152 -3748.3046959910635 5533.3989431237205 14
447000 152 -3760.6659622910884 5539.971545002723 13
447238 6
448000 146 -3772.1442809982545 5546.07467531894 13
449000 146 -3782.92176944147 5553.3441830640595 12
450000 146 -3792.8702203121306 5560.054497905709 11
451000 146 -3801.989633610236 5566.205619843887 10
452000 146 -3810.2800093357864 5571.797548878594 10
452801 2
453000 144 -3818.5703850613368 5577.389477913302 11
454000 144 -3827.469571999461 5583.855115688519 12
455000 144 -3837.1777759319602 5590.9085387160285 12
456000 144 -3846.8859798644594 5597.961961743538 11
457000 144 -3855.7851668025837 5604.427599518755 12
457553 8
458000 136 -3865.493370735083 5611.481022546265 13
459000 136 -3874.8447881394854 5620.511581362232 13
460000 136 -3884.196205543888 5629.5421401782 12
461000 136 -3892.828283147952 5637.878040623707 12
462000 136 -3901.4603607520157 5646.213941069215 12
462790 -4
463000 140 -3910.0924383560796 5654.549841514723 13
464000 140 -3920.051016116626 5662.906080440648 13
465000 140 -3930.009593877173 5671.262319366573 13
466000 140 -3939.9681716377195 5679.618558292498 12
467000 140 -3949.160704955147 5687.332009608736 12
468000 140 -3958.353238272575 5695.045460924975 12
469000 140 -3967.5457715900025 5702.758912241213 11
470000 140 -3975.972260464311 5709.829575947765 10
471000 140 -3983.632704895501 5716.257452044631 10
471719 -6
472000 146 -3991.2931493266906 5722.685328141496 11
473000 146 -4000.412562624796 5728.836450079674 11
474000 146 -4009.5319759229014 5734.9875720178525 10
475000 146 -4017.822351648452 5740.57950105256 10
476000 146 -4026.112727374002 5746.171430087267 10
477000 146 -4034.4031030995525 5751.763359121975 9
478000 146 -4041.8644412525477 5756.796095253211 9
479000 146 -4049.325779405543 5761.828831384448 9
480000 146 -4056.7871175585383 5766.861567515684 9
481000 146 -4064.2484557115336 5771.894303646921 9
482000 146 -4071.709793864529 5776.927039778157 9
483000 146 -4079.171132017524 5781.959775909394 8
484000 146 -4085.8034325979643 5786.43331913716 8
485000 146 -4092.4357331784045 5790.9068623649255 9
486000 146 -4099.8970713314 5795.939598496162 8
487000 146 -4106.529371911841 5800.413141723928 9
488000 146 -4113.990710064836 5805.445877855164 10
488927 7
489000 139 -4122.281085790387 5811.037806889872 11
490000 139 -4130.582891172838 5818.254456208767 10
491000 139 -4138.129986975066 5824.815046498672 10
491211 5
492000 134 -4145.677082777293 5831.375636788577 9
493000 134 -4151.929008111424 5837.849694991625 9
494000 134 -4158.180933445555 5844.323753194673 9
495000 134 -4164.432858779685 5850.7978113977215 9
496000 134 -4170.684784113816 5857.27186960077 8
497000 134 -4176.242051077488 5863.0265880034785 9
498000 134 -4182.493976411619 5869.500646206527 8
499000 134 -4188.051243375291 5875.255364609236 7
500000 134 -4192.913851968504 5880.290743211606 6
501000 134 -4197.081802191258 5884.606782013638 6
502000 134 -4201.249752414013 5888.922820815669 6
503000 134 -4205.417702636767 5893.238859617701 6
504000 134 -4209.585652859521 5897.554898419732 5
505000 134 -4213.058944711816 5901.151597421425 6
506000 134 -4217.226894934571 5905.467636223457 6
507000 134 -4221.394845157325 5909.783675025488 6
508000 134 -4225.5627953800795 5914.09971382752 6
509000 134 -4229.730745602834 5918.415752629551 6
509957 -6
510000 140 -4233.898695825588 5922.731791431583 5
511000 140 -4237.7289180411835 5925.945729480015 5
511089 -9
512000 149 -4241.559140256779 5929.159667528447 5
513000 149 -4245.84497676029 5931.734857902998 5
514000 149 -4250.1308132638005 5934.310048277548 5
515000 149 -4254.416649767311 5936.885238652098 5
516000 149 -4258.702486270822 5939.460429026649 5
517000 149 -4262.988322774333 5942.035619401199 5
518000 149 -4267.274159277844 5944.61080977575 5
519000 149 -4271.559995781355 5947.1860001503 5
520000 149 -4275.8458322848655 5949.7611905248505 5
521000 149 -4280.131668788376 5952.336380899401 6
522000 149 -4285.274672592589 5955.426609348861 7
523000 149 -4291.2748436975035 5959.031875873232 6
524000 149 -4296.417847501716 5962.122104322692 6
525000 149 -4301.560851305929 5965.212332772153 6
526000 149 -4306.703855110141 5968.302561221613 6
526272 8
527000 141 -4311.846858914354 5971.392789671074 5
527166 7
528000 134 -4315.732588721638 5974.539391626323 5
529000 134 -4319.205880573933 5978.136090628016 5
530000 134 -4322.679172426228 5981.732789629709 5
531000 134 -4326.152464278523 5985.3294886314025 5
532000 134 -4329.625756130818 5988.926187633096 5
533000 134 -4333.099047983113 5992.522886634789 6
534000 134 -4337.266998205868 5996.83892543682 6
535000 134 -4341.434948428622 6001.154964238852 5
536000 134 -4344.908240280917 6004.751663240545 5
536242 -3
537000 137 -4348.381532133212 6008.348362242238 5
538000 137 -4352.038300641308 6011.75835404255 5
539000 137 -4355.695069149403 6015.168345842862 5
540000 137 -4359.351837657498 6018.578337643175 5
541000 137 -4363.008606165594 6021.988329443487 5
542000 137 -4366.665374673689 6025.398321243799 5
543000 137 -4370.322143181785 6028.808313044111 6
544000 137 -4374.7102653915 6032.900303204486 6
545000 137 -4379.098387601215 6036.99229336486 6
546000 137 -4383.48650981093 6041.084283525235 6
547000 137 -4387.874632020646 6045.17627368561 7
548000 137 -4392.99410793198 6049.950262206047 7
549000 137 -4398.113583843314 6054.724250726485 7
550000 137 -4403.233059754648 6059.498239246922 7
551000 137 -4408.352535665982 6064.272227767359 8
552000 137 -4414.203365278935 6069.728214647859 8
553000 137 -4420.054194891888 6075.184201528359 7
554000 137 -4425.173670803222 6079.9581900487965 7
555000 137 -4430.293146714556 6084.732178569234 6
556000 137 -4434.6812689242715 6088.824168729609 5
557000 137 -4438.338037432367 6092.234160529921 6
558000 137 -4442.726159642082 6096.326150690295 6
559000 137 -4447.114281851797 6100.41814085067 6
560000 137 -4451.502404061513 6104.510131011045 7
561000 137 -4456.621879972847 6109.284119531482 8
562000 137 -4462.4727095858 6114.740106411982 9
563000 137 -4469.054892900373 6120.878091652545 8
564000 137 -4474.905722513326 6126.334078533045 8
565000 137 -4480.756552126279 6131.790065413545 8
566000 137 -4486.607381739232 6137.246052294045 9
567000 137 -4493.1895650538045 6143.384037534607 8
568000 137 -4499.0403946667575 6148.840024415107 8
569000 137 -4504.8912242797105 6154.296011295607 7
569957 -9
570000 146 -4510.010700191045 6159.069999816044 7
571000 146 -4515.81396319893 6162.984350140339 8
572000 146 -4522.44626377937 6167.457893368105 8
573000 146 -4529.078564359811 6171.931436595871 9
574000 146 -4536.539902512806 6176.964172727107 8
575000 146 -4543.172203093247 6181.437715954873 9
576000 146 -4550.633541246242 6186.47045208611 8
577000 146 -4557.265841826683 6190.943995313875 9
578000 146 -4564.727179979678 6195.976731445112 9
579000 146 -4572.188518132673 6201.0094675763485 9
579155 6
580000 140 -4579.649856285669 6206.042203707585 9
581000 140 -4586.54425627374 6211.827292194764 9
582000 140 -4593.438656261811 6217.612380681942 10
582638 -2
583000 142 -4601.099100693001 6224.040256778808 10
584000 142 -4608.979208229068 6230.1968715320645 9
585000 142 -4616.071305011528 6235.737824809996 8
586000 142 -4622.375391040382 6240.663116612601 9
587000 142 -4629.4674878228425 6246.204069890532 8
588000 142 -4635.771573851696 6251.129361693137 7
589000 142 -4641.2876491269435 6255.438992020417 6
590000 142 -4646.015713648584 6259.132960872371 6
591000 142 -4650.743778170225 6262.826929724325 6
592000 142 -4655.471842691865 6266.520898576279 6
593000 142 -4660.199907213506 6270.214867428233 7
593272 2
594000 140 -4665.715982488753 6274.524497755513 7
595000 140 -4671.078293590586 6279.024011023319 6
596000 140 -4675.6745602493 6282.880736681438 6
597000 140 -4680.270826908014 6286.737462339557 6
598000 140 -4684.867093566728 6290.594187997676 6
599000 140 -4689.463360225442 6294.450913655795 7
600000 140 -4694.825671327275 6298.950426923601 7
601000 140 -4700.187982429108 6303.449940191407 6
602000 140 -4704.784249087822 6307.306665849526 6
603000 140 -4709.380515746536 6311.163391507645 7
604000 140 -4714.742826848369 6315.662904775451 8
605000 140 -4720.871182393321 6320.805205652944 8
606000 140 -4726.999537938273 6325.947506530437 7
607000 140 -4732.361849040106 6330.447019798243 8
608000 140 -4738.490204585058 6335.5893206757355 8
609000 140 -4744.618560130009 6340.731621553228 9
610000 140 -4751.512960118081 6346.516710040407 8
611000 140 -4757.641315663032 6351.6590109179 8
612000 140 -4763.769671207984 6356.801311795392 8
612990 3
613000 137 -4769.898026752936 6361.943612672885 8
614000 137 -4775.748856365889 6367.399599553385 7
614234 5
615000 132 -4780.868332277223 6372.173588073822 7
616000 132 -4785.5522465217355 6377.375601852164 7
617000 132 -4790.236160766248 6382.577615630506 6
618000 132 -4794.250944404401 6387.036484583371 6
618076 3
619000 129 -4798.265728042554 6391.495353536236 5
620000 129 -4801.412329997803 6395.38108334352 5
621000 129 -4804.558931953052 6399.266813150804 5
622000 129 -4807.705533908301 6403.152542958089 5
623000 129 -4810.85213586355 6407.038272765373 5
624000 129 -4813.998737818799 6410.924002572658 5
625000 129 -4817.145339774048 6414.809732379942 5
626000 129 -4820.291941729297 6418.695462187226 5
627000 129 -4823.438543684546 6422.581191994511 5
628000 129 -4826.585145639795 6426.466921801795 5
629000 129 -4829.731747595044 6430.35265160908 6
629971 9
630000 120 -4833.507669941343 6435.015527377822 6
630178 -3
631000 123 -4836.507669941343 6440.211679800528 7
632000 123 -4840.320143186448 6446.082373776146 7
632720 9
633000 114 -4844.132616431553 6451.953067751763 7
634000 114 -4846.979772933084 6458.3478859552615 7
635000 114 -4849.826929434615 6464.74270415876 7
636000 114 -4852.674085936145 6471.137522362258 7
637000 114 -4855.521242437676 6477.532340565756 6
638000 114 -4857.961662296131 6483.013613311612 6
639000 114 -4860.402082154586 6488.494886057468 6
640000 114 -4862.842502013042 6493.976158803323 5
641000 114 -4864.876185228421 6498.5438860915365 6
642000 114 -4867.316605086876 6504.025158837392 5
643000 114 -4869.350288302255 6508.592886125605 5
644000 114 -4871.383971517634 6513.160613413818 5
645000 114 -4873.417654733013 6517.728340702031 5
646000 114 -4875.4513379483915 6522.296067990244 5
647000 114 -4877.48502116377 6526.8637952784575 6
648000 114 -4879.925441022226 6532.345068024313 6
649000 114 -4882.365860880681 6537.826340770169 6
650000 114 -4884.806280739136 6543.3076135160245 6
651000 114 -4887.246700597591 6548.78888626188 6
652000 114 -4889.687120456047 6554.270159007736 6
652901 -9
653000 123 -4892.127540314502 6559.7514317535915 7
654000 123 -4895.940013559607 6565.622125729209 6
655000 123 -4899.207847769697 6570.654149136882 7
656000 123 -4903.020321014802 6576.524843112499 6
657000 123 -4906.288155224892 6581.556866520172 6
658000 123 -4909.555989434982 6586.588889927844 7
659000 123 -4913.368462680087 6592.459583903462 8
660000 123 -4917.725574960207 6599.168948447025 9
660578 -8
661000 131 -4922.627326275343 6606.716983558534 10
662000 131 -4929.187916565248 6614.264079360762 10
663000 131 -4935.748506855153 6621.8111751629895 11
664000 131 -4942.965156174048 6630.11298054544 12
665000 131 -4950.8378645219345 6639.169495508114 11
666000 131 -4958.05451384083 6647.471300890565 12
667000 131 -4965.927222188716 6656.527815853238 11
668000 131 -4973.143871507611 6664.829621235689 11
669000 131 -4980.360520826506 6673.13142661814 11
670000 131 -4987.577170145401 6681.433232000591 11
671000 131 -4994.793819464297 6689.735037383041 12
672000 131 -5002.666527812183 6698.791552345715 13
673000 131 -5011.195295189059 6708.602776888611 13
674000 131 -5019.724062565935 6718.414001431506 13
675000 131 -5028.252829942811 6728.225225974402 13
676000 131 -5036.7815973196875 6738.036450517297 14
677000 131 -5045.966423725555 6748.602384640416 14
678000 131 -5055.151250131422 6759.168318763534 14
679000 131 -5064.336076537289 6769.734252886653 13
680000 131 -5072.864843914165 6779.545477429549 13
681000 131 -5081.393611291041 6789.356701972444 13
682000 131 -5089.922378667918 6799.16792651534 13
683000 131 -5098.451146044794 6808.979151058235 12
684000 131 -5106.32385439268 6818.035666020909 12
685000 131 -5114.196562740566 6827.092180983583 11
686000 131 -5121.413212059461 6835.3939863660335 10
687000 131 -5127.973802349366 6842.941082168261 10
688000 131 -5134.534392639272 6850.488177970489 11
689000 131 -5141.751041958167 6858.78998335294 11
690000 131 -5148.967691277062 6867.091788735391 12
691000 131 -5156.840399624948 6876.148303698064 11
692000 131 -5164.057048943843 6884.450109080515 11
693000 131 -5171.273698262738 6892.751914462966 10
694000 131 -5177.834288552644 6900.299010265194 10
695000 131 -5184.394878842549 6907.846106067422 10
696000 131 -5190.955469132454 6915.39320186965 10
697000 131 -5197.516059422359 6922.9402976718775 10
698000 131 -5204.076649712264 6930.487393474105 10
699000 131 -5210.637240002169 6938.034489276333 10
700000 131 -5217.197830292074 6945.581585078561 10
700254 -2
701000 133 -5223.758420581979 6953.128680880789 11
702000 133 -5231.260402542667 6961.1735715986 11
703000 133 -5238.762384503355 6969.21846231641 12
704000 133 -5246.946364824105 6977.994706735841 12
705000 133 -5255.130345144856 6986.770951155271 12
706000 133 -5263.314325465606 6995.547195574702 12
707000 133 -5271.4983057863565 7004.323439994132 13
708000 133 -5280.3642844671685 7013.831038115181 13
709000 133 -5289.230263147981 7023.338636236231 13
710000 133 -5298.096241828793 7032.84623435728 12
711000 133 -5306.280222149543 7041.6224787767105 12
712000 133 -5314.4642024702935 7050.398723196141 11
713000 133 -5321.966184430981 7058.443613913952 10
714000 133 -5328.786168031606 7065.757150930143 9
715000 133 -5334.924153272169 7072.339334244716 9
716000 133 -5341.0621385127315 7078.921517559289 8
716282 -4
717000 137 -5346.5181253932315 7084.772347172242 9
718000 137 -5353.100308707804 7090.910332412805 10
718364 9
719000 128 -5360.413845723996 7097.73031601343 9
720000 128 -5365.954799001927 7104.82241279589 9
721000 128 -5371.495752279859 7111.914509578351 10
722000 128 -5377.652367033115 7119.794617114418 9
722511 -5
723000 133 -5383.193320311047 7126.886713896878 9
724000 133 -5389.331305551609 7133.468897211451 10
725000 133 -5396.151289152234 7140.782434227643 10
726000 133 -5402.9712727528595 7148.095971243834 10
727000 133 -5409.791256353485 7155.409508260026 10
728000 133 -5416.61123995411 7162.723045276218 11
729000 133 -5424.113221914798 7170.767935994028 12
730000 133 -5432.297202235548 7179.544180413459 13
731000 133 -5441.16318091636 7189.051778534508 14
731901 6
732000 127 -5450.711157957235 7199.2907303571765 15
733000 127 -5459.738383304515 7211.270263007886 14
734000 127 -5468.163793628643 7222.451160148547 14
735000 127 -5476.589203952772 7233.632057289209 14
735364 7
736000 120 -5485.0146142769 7244.812954429871 14
736034 -6
737000 126 -5492.0146142769 7256.937310082853 13
738000 126 -5499.655822556702 7267.454531009727 13
739000 126 -5507.297030836505 7277.971751936601 12
740000 126 -5514.3504538640145 7287.679955869101 12
740119 -2
741000 128 -5521.403876891524 7297.3881598016005 11
742000 128 -5528.176153120106 7306.056278091274 11
743000 128 -5534.9484293486885 7314.724396380948 10
744000 128 -5541.105044101945 7322.604503917015 10
745000 128 -5547.261658855202 7330.484611453082 10
746000 128 -5553.418273608459 7338.364718989149 9
747000 128 -5558.95922688639 7345.456815771609 10
748000 128 -5565.1158416396465 7353.336923307676 10
749000 128 -5571.272456392903 7361.2170308437435 10
750000 128 -5577.42907114616 7369.0971383798105 11
751000 128 -5584.201347374742 7377.765256669484 11
752000 128 -5590.973623603324 7386.433374959158 11
753000 128 -5597.745899831906 7395.1014932488315 11
754000 128 -5604.518176060488 7403.769611538505 10
755000 128 -5610.674790813745 7411.649719074572 10
755429 -3
756000 131 -5616.831405567002 7419.529826610639 10
757000 131 -5623.391995856907 7427.076922412867 10
758000 131 -5629.952586146812 7434.624018215095 11
759000 131 -5637.169235465707 7442.925823597546 11
760000 131 -5644.385884784602 7451.227628979997 11
761000 131 -5651.602534103497 7459.529434362447 12
762000 131 -5659.475242451384 7468.585949325121 12
763000 131 -5667.34795079927 7477.642464287795 11
764000 131 -5674.564600118165 7485.944269670245 11
765000 131 -5681.78124943706 7494.246075052696 11
766000 131 -5688.997898755955 7502.547880435147 11
767000 131 -5696.21454807485 7510.849685817598 12
768000 131 -5704.087256422737 7519.906200780271 12
769000 131 -5711.959964770623 7528.962715742945 13
769085 9
770000 122 -5720.488732147499 7538.773940285841 13
771000 122 -5727.377682582531 7549.798565535874 14
772000 122 -5734.796552281796 7561.671238882064 14
773000 122 -5742.215421981061 7573.543912228254 15
774000 122 -5750.164210944559 7586.2646336706 16
775000 122 -5758.642919172291 7599.833403209103 15
776000 122 -5766.591708135789 7612.5541246514495 14
777000 122 -5774.010577835054 7624.426797997639 14
778000 122 -5781.4294475343195 7636.299471343829 15
779000 122 -5789.378236497818 7649.020192786175 16
780000 122 -5797.8569447255495 7662.5889623246785 17
781000 122 -5806.8655722175135 7677.005779959338 16
782000 122 -5815.344280445245 7690.574549497841 16
783000 122 -5823.822988672977 7704.143319036344 16
784000 122 -5832.3016969007085 7717.712088574847 15
785000 122 -5840.250485864207 7730.432810017193 14
786000 122 -5847.669355563472 7742.305483363383 14
787000 122 -5855.088225262737 7754.178156709573 15
788000 122 -5863.037014226235 7766.898878151919 15
789000 122 -5870.985803189734 7779.619599594265 16
790000 122 -5879.4645114174655 7793.1883691327685 17
791000 122 -5888.4731389094295 7807.605186767428 16
792000 122 -5896.951847137161 7821.173956305931 15
793000 122 -5904.9006361006595 7833.894677748277 16
794000 122 -5913.379344328391 7847.46344728678 16
795000 122 -5921.858052556123 7861.032216825283 15
796000 122 -5929.806841519621 7873.752938267629 15
797000 122 -5937.75563048312 7886.473659709975 16
798000 122 -5946.234338710851 7900.042429248479 15
799000 122 -5954.18312767435 7912.763150690825 15
800000 122 -5962.131916637848 7925.483872133171 14
801000 122 -5969.550786337113 7937.356545479361 14
802000 122 -5976.969656036378 7949.229218825551 15
803000 122 -5984.918444999877 7961.949940267897 15
804000 122 -5992.867233963375 7974.670661710243 16
805000 122 -6001.345942191107 7988.239431248746 16
805482 -2
806000 124 -6009.824650418838 8001.808200787249 15
807000 124 -6018.2125439709 8014.243764375575 14
808000 124 -6026.0412446194905 8025.850290391345 13
809000 124 -6033.31075236461 8036.627778834561 13
810000 124 -6040.58026010973 8047.405267277776 14
811000 124 -6048.408960758321 8059.011793293546 14
812000 124 -6056.237661406912 8070.618319309317 14
813000 124 -6064.066362055502 8082.224845325087 13
814000 124 -6071.335869800622 8093.002333768302 14
815000 124 -6079.164570449213 8104.608859784073 13
816000 124 -6086.434078194333 8115.386348227288 14
817000 124 -6094.262778842924 8126.992874243058 15
818000 124 -6102.650672394985 8139.428437831384 15
819000 124 -6111.038565947047 8151.86400141971 15
820000 124 -6119.426459499108 8164.299565008036 15
821000 124 -6127.81435305117 8176.735128596361 15
822000 124 -6136.202246603231 8189.170692184687 16
823000 124 -6145.149333058764 8202.435293345568 15
824000 124 -6153.537226610825 8214.870856933894 16
825000 124 -6162.484313066358 8228.135458094775 17
826000 124 -6171.99059242536 8242.22909682821 17
827000 124 -6181.496871784362 8256.322735561645 18
828000 124 -6191.562344046835 8271.245411867636 18
829000 124 -6201.627816309308 8286.168088173627 17
830000 124 -6211.134095668311 8300.261726907062 17
831000 124 -6220.640375027313 8314.355365640497 18
832000 124 -6230.705847289786 8329.278041946487 18
833000 124 -6240.771319552259 8344.200718252478 18
834000 124 -6250.836791814732 8359.123394558468 18
835000 124 -6260.9022640772055 8374.046070864459 18
836000 124 -6270.967736339679 8388.96874717045 18
837000 124 -6281.033208602152 8403.89142347644 18
838000 124 -6291.098680864625 8418.81409978243 18
838313 4
839000 120 -6301.164153127098 8433.73677608842 19
839619 4
840000 116 -6310.664153127098 8450.191258760326 20
841000 116 -6319.43157606288 8468.16713968631 20
842000 116 -6328.198998998661 8486.143020612293 20
843000 116 -6336.966421934443 8504.118901538277 21
844000 116 -6346.172216017014 8522.99357651056 22
845000 116 -6355.816381246374 8542.767045529143 22
846000 116 -6365.460546475733 8562.540514547725 23
847000 116 -6375.543082851882 8583.212777612605 22
848000 116 -6385.187248081242 8602.986246631188 21
848562 6
849000 110 -6394.393042163812 8621.860921603471 22
850000 110 -6401.917485316977 8642.534159260762 21
851000 110 -6409.099908326816 8662.267704297266 22
852000 110 -6416.624351479981 8682.940941954557 23
853000 110 -6424.490814776471 8704.553872232633 23
854000 110 -6432.357278072961 8726.166802510708 23
855000 110 -6440.223741369451 8747.779732788784 23
856000 110 -6448.090204665941 8769.39266306686 24
857000 110 -6456.298688105757 8791.945285965721 24
858000 110 -6464.507171545572 8814.497908864583 24
859000 110 -6472.715654985388 8837.050531763445 23
860000 110 -6480.582118281878 8858.66346204152 22
860785 -2
861000 112 -6488.106561435043 8879.336699698812 23
862000 112 -6496.722513083609 8900.661928353848 24
863000 112 -6505.71307132559 8922.91434086345 24
863403 9
864000 103 -6514.703629567572 8945.166753373052 23
865000 103 -6519.877503817481 8967.577264863114 23
866000 103 -6525.05137806739 8989.987776353175 24
867000 103 -6530.450203371643 9013.372657908021 25
868000 103 -6536.073979730239 9037.731909527653 25
869000 103 -6541.697756088836 9062.091161147284 25
870000 103 -6547.321532447433 9086.450412766915 26
871000 103 -6553.170259860373 9111.784034451332 27
872000 103 -6559.243938327658 9138.092026200533 27
872173 -4
873000 107 -6565.317616794942 9164.400017949734 26
874000 107 -6572.919281117734 9189.263941604773 25
875000 107 -6580.2285737358025 9213.17156050385 24
876000 107 -6587.245494649148 9236.122874646962 24
877000 107 -6594.2624155624935 9259.074188790075 24
878000 107 -6601.279336475839 9282.025502933187 25
879000 107 -6608.588629093908 9305.933121832264 25
880000 107 -6615.897921711977 9329.84074073134 24
881000 107 -6622.914842625322 9352.792054874453 25
882000 107 -6630.224135243391 9376.69967377353 26
883000 107 -6637.8257995661825 9401.563597428569 27
884000 107 -6645.719835593696 9427.38382583957 28
884926 -8
885000 115 -6653.906243325933 9454.160359006535 29
885757 3
886000 112 -6666.1621729164135 9480.443284830599 28
887000 112 -6676.651157532059 9506.404432758469 28
888000 112 -6687.140142147705 9532.365580686339 27
889000 112 -6697.254520169934 9557.399544759643 26
890000 112 -6706.994291598748 9581.50632497838 25
891000 112 -6716.359456434146 9604.685921342549 25
892000 112 -6725.724621269544 9627.865517706718 25
893000 112 -6735.089786104942 9651.045114070886 25
894000 112 -6744.45495094034 9674.224710435055 24
895000 112 -6753.445509182321 9696.477122944658 24
896000 112 -6762.436067424303 9718.72953545426 24
897000 112 -6771.426625666284 9740.981947963863 25
898000 112 -6780.791790501682 9764.161544328032 25
899000 112 -6790.15695533708 9787.3411406922 25
900000 112 -6799.522120172478 9810.52073705637 26
901000 112 -6809.261891601292 9834.627517275107 25
902000 112 -6818.62705643669 9857.807113639275 24
903000 112 -6827.617614678671 9880.059526148878 24
904000 112 -6836.608172920653 9902.31193865848 23
905000 112 -6845.2241245692185 9923.637167313516 22
906000 112 -6853.465469624369 9944.035212113986 23
907000 112 -6862.081421272935 9965.360440769022 22
908000 112 -6870.322766328085 9985.758485569491 22
909000 112 -6878.564111383235 10006.15653036996 21
910000 112 -6886.430849844969 10025.627391315864 22
911000 112 -6894.672194900119 10046.025436116333 23
912000 112 -6903.288146548685 10067.35066477137 23
913000 112 -6911.904098197251 10088.675893426405 24
914000 112 -6920.894656439233 10110.928305936008 25
915000 112 -6930.259821274631 10134.107902300177 24
916000 112 -6939.250379516612 10156.360314809779 25
917000 112 -6948.61554435201 10179.539911173948 26
918000 112 -6958.355315780824 10203.646691392685 26
919000 112 -6968.095087209637 10227.753471611422 27
920000 112 -6978.2094652318665 10252.787435684726 27
921000 112 -6988.323843254096 10277.82139975803 27
922000 112 -6998.438221276325 10302.855363831333 26
923000 112 -7008.177992705138 10326.96214405007 26
924000 112 -7017.917764133952 10351.068924268808 27
925000 112 -7028.032142156181 10376.102888342111 27
925944 9
926000 103 -7038.14652017841 10401.136852415415 27
927000 103 -7044.220198645695 10427.444844164616 28
927816 -3
928000 106 -7050.518828167323 10454.727205978603 29
929000 106 -7058.512311486015 10482.603795160814 28
930000 106 -7066.230157448891 10509.519122647087 28
931000 106 -7073.948003411767 10536.43445013336 28
932000 106 -7081.665849374643 10563.349777619633 29
933000 106 -7089.659332693335 10591.226366801844 30
934000 106 -7097.928453367846 10620.064217679994 31
935000 106 -7106.473211398173 10649.863330254082 31
936000 106 -7115.0179694285 10679.66244282817 31
937000 106 -7123.562727458827 10709.461555402258 32
938000 106 -7132.383122844971 10740.221929672285 32
939000 106 -7141.203518231115 10770.982303942312 32
940000 106 -7150.023913617259 10801.742678212338 31
941000 106 -7158.568671647586 10831.541790786427 31
942000 106 -7167.113429677913 10861.340903360515 31
942908 9
943000 97 -7175.65818770824 10891.140015934603 32
944000 97 -7179.558006697204 10922.901492787125 33
945000 97 -7183.579695029574 10955.655515791288 34
946000 97 -7187.723252705349 10989.402084947093 34
947000 97 -7191.866810381124 11023.148654102897 34
948000 97 -7196.010368056899 11056.895223258702 33
949000 97 -7200.032056389269 11089.649246262865 32
950000 97 -7203.931875378234 11121.410723115387 32
951000 97 -7207.831694367198 11153.172199967908 32
952000 97 -7211.731513356162 11184.93367682043 33
953000 97 -7215.7532016885325 11217.687699824593 32
954000 97 -7219.653020677497 11249.449176677115 31
955000 97 -7223.4309703230565 11280.218107377996 32
956000 97 -7227.330789312021 11311.979584230518 33
957000 97 -7231.352477644391 11344.73360723468 34
957073 3
958000 94 -7235.496035320166 11378.480176390485 34
959000 94 -7237.867755427466 11412.39735409932 33
959449 -4
960000 98 -7240.169719061022 11445.316967757894 33
961000 98 -7244.7624313927045 11477.995814026366 33
962000 98 -7249.355143724387 11510.674660294839 34
963000 98 -7254.087029157029 11544.343774632052 33
964000 98 -7258.679741488711 11577.022620900525 32
965000 98 -7263.133280719434 11608.711199100255 32
966000 98 -7267.5868199501565 11640.399777299985 32
966652 1
967000 97 -7272.040359180879 11672.088355499714 32
968000 97 -7275.940178169843 11703.849832352236 31
969000 97 -7279.718127815403 11734.618763053117 32
970000 97 -7283.617946804367 11766.380239905639 32
971000 97 -7287.517765793332 11798.14171675816 33
972000 97 -7291.539454125702 11830.895739762324 32
973000 97 -7295.439273114666 11862.657216614845 31
974000 97 -7299.217222760226 11893.426147315726 31
975000 97 -7302.9951724057855 11924.195078016606 31
976000 97 -7306.773122051345 11954.964008717487 30
977000 97 -7310.4292023535 11984.740393266726 31
978000 97 -7314.2071519990595 12015.509323967606 30
979000 97 -7317.863232301214 12045.285708516845 29
980000 97 -7321.397443259963 12074.069546914443 29
981000 97 -7324.9316542187125 12102.85338531204 29
982000 97 -7328.465865177462 12131.637223709638 28
982203 -1
983000 98 -7331.878206792806 12159.428515955595 28
984000 98 -7335.775053619688 12187.156021880359 28
985000 98 -7339.67190044657 12214.883527805123 29
986000 98 -7343.707920374412 12243.601301798628 29
987000 98 -7347.7439403022545 12272.319075792133 30
988000 98 -7351.919133331056 12302.02711785438 29
989000 98 -7355.9551532588985 12330.744891847886 30
990000 98 -7360.1303462877 12360.452933910134 29
991000 98 -7364.166366215542 12389.170707903639 30
992000 98 -7368.341559244344 12418.878749965887 29
993000 98 -7372.377579172186 12447.596523959392 29
994000 98 -7376.4135991000285 12476.314297952897 29
995000 98 -7380.4496190278705 12505.032071946402 28
996000 98 -7384.346465854753 12532.759577871166 29
997000 98 -7388.382485782595 12561.47735186467 28
998000 98 -7392.279332609477 12589.204857789435 28
999000 98 -7396.176179436359 12616.932363714199 29
